   35.8382	  102.8212	    2.8066	    2	    2	  164	   46	  122	    0.0479	 0.0000000	 0.0000000	 0.0000000	 0.0000000	 0.0000000	 0.0000000	 0.0000000	 0.0019845	 0.0027242	 0.0045159	 0.0061983	 0.0357166	 0.2059361	 0.1833192	 0.1322287	 0.1701988	 0.2434619	 0.2343304	 0.0937488	 0.0095782	    0.0000
   35.8348	  102.8064	    4.2453	    2	    2	  164	   46	  122	    0.0346	 0.0000000	 0.0000000	 0.0000000	 0.0000000	 0.0000000	 0.0000000	 0.0087662	 0.0088487	 0.0112762	 0.0123297	 0.0157389	 0.0379763	 0.1413006	 0.1121887	 0.0797463	 0.1107616	 0.1666463	 0.1638518	 0.0706492	 0.0143563	    0.0000
   35.8314	  102.7916	    5.6840	    2	    2	  164	   46	  122	    0.0143	 0.0000000	 0.0000000	 0.0000000	 0.0000000	 0.0000000	 0.0000000	 0.0106607	 0.0109936	 0.0094882	 0.0078654	 0.0075149	 0.0123809	 0.0540584	 0.0405805	 0.0273042	 0.0418483	 0.0665484	 0.0673791	 0.0306740	 0.0074036	    0.0000
   35.8279	  102.7768	    7.1226	    2	    2	  164	   46	  122	    0.0061	 0.0000000	 0.0000000	 0.0000000	 0.0000000	 0.0000000	 0.0000000	 0.0181682	 0.0164993	 0.0129451	 0.0105442	 0.0077488	 0.0057597	 0.0172029	 0.0126522	 0.0087483	 0.0115964	 0.0179587	 0.0183203	 0.0082942	 0.0021203	    0.0000
   35.8245	  102.7621	    8.5613	    2	    2	  164	   46	  122	    0.0044	 0.0000000	 0.0000000	 0.0000000	 0.0000000	 0.0000000	 0.0000000	 0.0248262	 0.0229610	 0.0207897	 0.0122901	 0.0070291	 0.0055459	 0.0060531	 0.0044814	 0.0047376	 0.0042547	 0.0034331	 0.0034989	 0.0015476	 0.0003976	    0.0000
   35.8210	  102.7473	   10.0000	    2	    2	  164	   46	  122	    0.0071	 0.0000000	 0.0000000	 0.0000000	 0.0000000	 0.0000000	 0.0000000	 0.0459866	 0.0430028	 0.0336664	 0.0166805	 0.0086281	 0.0086624	 0.0227145	 0.0131303	 0.0034419	 0.0002881	 0.0004179	 0.0004157	 0.0001646	 0.0000331	    0.0000
   35.8176	  102.7325	   11.4387	    2	    2	  164	   46	  122	    0.0090	 0.0000000	 0.0000000	 0.0000000	 0.0000000	 0.0000000	 0.0000000	 0.0458960	 0.0361784	 0.0250226	 0.0154371	 0.0103958	 0.0185302	 0.0661904	 0.0317680	 0.0000227	 0.0000254	 0.0000316	 0.0000298	 0.0000089	 0.0000000	    0.0000
   35.8141	  102.7177	   12.8774	    2	    2	  164	   46	  122	    0.0061	 0.0000000	 0.0000000	 0.0000000	 0.0000000	 0.0000000	 0.0000000	 0.0170899	 0.0116942	 0.0066114	 0.0060994	 0.0236722	 0.0390901	 0.0483522	 0.0131145	 0.0022536	 0.0000017	 0.0000020	 0.0000019	 0.0000006	 0.0000000	    0.0000
   35.8107	  102.7029	   14.3160	    2	    2	  164	   46	  122	    0.0085	 0.0000000	 0.0000000	 0.0000000	 0.0000000	 0.0000000	 0.0000000	 0.0144736	 0.0127820	 0.0055144	 0.0156240	 0.0500401	 0.0518057	 0.0417197	 0.0277186	 0.0145844	 0.0000781	 0.0000001	 0.0000001	 0.0000000	 0.0000000	    0.0000
   35.8072	  102.6881	   15.7547	    2	    2	  164	   46	  122	    0.0093	 0.0000000	 0.0000000	 0.0000000	 0.0000000	 0.0000000	 0.0000000	 0.0047124	 0.0027464	 0.0050792	 0.0374523	 0.0495491	 0.0442826	 0.0499115	 0.0444147	 0.0184770	 0.0004421	 0.0000000	 0.0000000	 0.0000000	 0.0000000	    0.0000
   35.8038	  102.6733	   17.1934	    2	    2	  164	   46	  122	    0.0077	 0.0000000	 0.0000000	 0.0000000	 0.0000000	 0.0000000	 0.0000000	 0.0000000	 0.0027661	 0.0137071	 0.0411757	 0.0437997	 0.0341853	 0.0382299	 0.0271167	 0.0095638	 0.0033612	 0.0000000	 0.0000000	 0.0000000	 0.0000000	    0.0000
   35.8210	  102.8273	    2.8066	    2	    2	  164	   46	  122	    0.0358	 0.0000000	 0.0000000	 0.0000000	 0.0000000	 0.0000000	 0.0000000	 0.0034521	 0.0033760	 0.0029439	 0.0041193	 0.0068393	 0.0259654	 0.1443940	 0.1334766	 0.0920239	 0.1240086	 0.1917272	 0.1830612	 0.0672422	 0.0054279	    0.0000
   35.8175	  102.8125	    4.2453	    2	    2	  164	   46	  122	    0.0235	 0.0000000	 0.0000000	 0.0000000	 0.0000000	 0.0000000	 0.0000000	 0.0108430	 0.0097348	 0.0083395	 0.0065562	 0.0077431	 0.0192298	 0.0890369	 0.0749240	 0.0504728	 0.0750539	 0.1220813	 0.1187904	 0.0476263	 0.0085127	    0.0000
   35.8141	  102.7977	    5.6840	    2	    2	  164	   46	  122	    0.0163	 0.0000000	 0.0000000	 0.0000000	 0.0000000	 0.0000000	 0.0450319	 0.0470649	 0.0428558	 0.0338416	 0.0251674	 0.0202750	 0.0148942	 0.0367170	 0.0271945	 0.0173563	 0.0273860	 0.0455759	 0.0453739	 0.0185243	 0.0041717	    0.0000
   35.8106	  102.7829	    7.1226	    2	    2	  164	   46	  122	    0.0175	 0.0000000	 0.0000000	 0.0000000	 0.0000000	 0.0000000	 0.0822867	 0.0897247	 0.0835739	 0.0665556	 0.0507138	 0.0329203	 0.0095540	 0.0137341	 0.0126914	 0.0045678	 0.0071843	 0.0117748	 0.0118126	 0.0046499	 0.0009939	    0.0000
   35.8072	  102.7682	    8.5613	    2	    2	  164	   46	  122	    0.0285	 0.0000000	 0.0000000	 0.0000000	 0.0000000	 0.0000000	 0.1662823	 0.1694984	 0.1645498	 0.1359530	 0.0832510	 0.0458764	 0.0117633	 0.0015986	 0.0013091	 0.0008633	 0.0012566	 0.0019803	 0.0019665	 0.0006932	 0.0001325	    0.0000
   35.8037	  102.7534	   10.0000	    2	    2	  164	   46	  122	    0.0378	 0.0000000	 0.0000000	 0.0000000	 0.0000000	 0.0000000	 0.2101668	 0.2195016	 0.2120303	 0.1769375	 0.1050751	 0.0437496	 0.0188164	 0.0263498	 0.0290323	 0.0032384	 0.0001475	 0.0002076	 0.0001988	 0.0000480	 0.0000000	    0.0000
   35.8003	  102.7386	   11.4387	    2	    2	  164	   46	  122	    0.0302	 0.0000000	 0.0000000	 0.0000000	 0.0000000	 0.0000000	 0.1679191	 0.1672523	 0.1435242	 0.1153082	 0.0668052	 0.0286528	 0.0392294	 0.0687378	 0.0354818	 0.0000109	 0.0000135	 0.0000192	 0.0000184	 0.0000043	 0.0000000	    0.0000
   35.7968	  102.7238	   12.8774	    2	    2	  164	   46	  122	    0.0249	 0.0000000	 0.0000000	 0.0000000	 0.0000000	 0.0000000	 0.1146838	 0.1235029	 0.1224136	 0.0906146	 0.0497279	 0.0595615	 0.0737759	 0.0421636	 0.0085665	 0.0037975	 0.0000525	 0.0000008	 0.0000007	 0.0000002	 0.0000000	    0.0000
   35.7934	  102.7090	   14.3160	    2	    2	  164	   46	  122	    0.0205	 0.0000000	 0.0000000	 0.0000000	 0.0000000	 0.0000000	 0.0535074	 0.0674103	 0.0664666	 0.0423355	 0.0586070	 0.0964483	 0.0799976	 0.0437058	 0.0342627	 0.0228739	 0.0003640	 0.0000000	 0.0000000	 0.0000000	 0.0000000	    0.0000
   35.7900	  102.6942	   15.7547	    2	    2	  164	   46	  122	    0.0141	 0.0000000	 0.0000000	 0.0000000	 0.0000000	 0.0000000	 0.0000000	 0.0078534	 0.0112622	 0.0283911	 0.0560000	 0.0766466	 0.0677949	 0.0508563	 0.0496557	 0.0362699	 0.0035883	 0.0000001	 0.0000001	 0.0000000	 0.0000000	    0.0000
   35.7865	  102.6794	   17.1934	    2	    2	  164	   46	  122	    0.0152	 0.0000000	 0.0000000	 0.0000000	 0.0000000	 0.0000000	 0.0000000	 0.0027398	 0.0109775	 0.0535564	 0.0580343	 0.0699247	 0.0708123	 0.0513271	 0.0429722	 0.0413075	 0.0195813	 0.0000000	 0.0000000	 0.0000000	 0.0000000	    0.0000
   35.8037	  102.8334	    2.8066	    2	    2	  164	   46	  122	    0.0227	 0.0000000	 0.0000000	 0.0000000	 0.0000000	 0.0000000	 0.0000000	 0.0059694	 0.0054222	 0.0053819	 0.0050763	 0.0065168	 0.0152443	 0.0846834	 0.0813194	 0.0546222	 0.0771517	 0.1245543	 0.1200925	 0.0400446	 0.0012139	    0.0000
   35.8002	  102.8186	    4.2453	    2	    2	  164	   46	  122	    0.0188	 0.0000000	 0.0000000	 0.0000000	 0.0000000	 0.0000000	 0.0331056	 0.0331885	 0.0309528	 0.0299833	 0.0232469	 0.0179103	 0.0192174	 0.0538736	 0.0429710	 0.0269900	 0.0421683	 0.0700847	 0.0684313	 0.0232767	 0.0025815	    0.0000
   35.7968	  102.8038	    5.6840	    2	    2	  164	   46	  122	    0.0333	 0.0000000	 0.0000000	 0.0000000	 0.0000000	 0.0000000	 0.1405306	 0.1593060	 0.1570878	 0.1323557	 0.0960705	 0.0730785	 0.0425395	 0.0234890	 0.0142582	 0.0089884	 0.0142700	 0.0245615	 0.0243269	 0.0078347	 0.0009276	    0.0000
   35.7933	  102.7891	    7.1226	    2	    2	  164	   46	  122	    0.0561	 0.0000000	 0.0000000	 0.0000000	 0.0000000	 0.0000000	 0.2858215	 0.2944128	 0.2950620	 0.2790007	 0.1928721	 0.1127889	 0.0490854	 0.0172908	 0.0036662	 0.0022510	 0.0035132	 0.0060220	 0.0059714	 0.0017041	 0.0001988	    0.0000
   35.7899	  102.7743	    8.5613	    2	    2	  164	   46	  122	    0.1249	 0.0000000	 0.0000000	 0.0000000	 0.0000000	 0.4405048	 0.5615208	 0.6158473	 0.6126039	 0.5593448	 0.4072199	 0.2170514	 0.0313714	 0.0007920	 0.0006843	 0.0004092	 0.0005867	 0.0009747	 0.0009556	 0.0001877	 0.0000000	    0.0000
   35.7864	  102.7595	   10.0000	    2	    2	  164	   46	  122	    0.1296	 0.0000000	 0.0000000	 0.0000000	 0.0000000	 0.4905520	 0.5986991	 0.6560367	 0.6458948	 0.5301681	 0.3576644	 0.2018888	 0.0563184	 0.0153696	 0.0264755	 0.0000513	 0.0000767	 0.0001334	 0.0001308	 0.0000207	 0.0000000	    0.0000
   35.7830	  102.7447	   11.4387	    2	    2	  164	   46	  122	    0.1242	 0.0000000	 0.0000000	 0.0000000	 0.0000000	 0.4110352	 0.4895895	 0.5403193	 0.5593818	 0.5384215	 0.3911881	 0.2207765	 0.1388690	 0.1021306	 0.0385210	 0.0000216	 0.0000200	 0.0000133	 0.0000131	 0.0000017	 0.0000000	    0.0000
   35.7796	  102.7299	   12.8774	    2	    2	  164	   46	  122	    0.0467	 0.0000000	 0.0000000	 0.0000000	 0.0000000	 0.0000000	 0.1755433	 0.1768349	 0.1981113	 0.1961799	 0.1344034	 0.1489313	 0.1551303	 0.0817725	 0.0197049	 0.0021875	 0.0001175	 0.0000009	 0.0000009	 0.0000001	 0.0000000	    0.0000
   35.7761	  102.7151	   14.3160	    2	    2	  164	   46	  122	    0.0367	 0.0000000	 0.0000000	 0.0000000	 0.0000000	 0.0000000	 0.0756252	 0.0873157	 0.0968884	 0.1057165	 0.1340499	 0.1995020	 0.1769085	 0.0829665	 0.0373171	 0.0160273	 0.0006253	 0.0000010	 0.0000005	 0.0000000	 0.0000000	    0.0000
   35.7727	  102.7003	   15.7547	    2	    2	  164	   46	  122	    0.0284	 0.0000000	 0.0000000	 0.0000000	 0.0000000	 0.0000000	 0.0278178	 0.0217652	 0.0261547	 0.0811552	 0.1158521	 0.1482857	 0.1435896	 0.0936253	 0.0651954	 0.0493491	 0.0110918	 0.0000021	 0.0000011	 0.0000000	 0.0000000	    0.0000
   35.7692	  102.6855	   17.1934	    2	    2	  164	   46	  122	    0.0239	 0.0000000	 0.0000000	 0.0000000	 0.0000000	 0.0000000	 0.0000000	 0.0017308	 0.0058608	 0.0903532	 0.0833017	 0.0974390	 0.1233383	 0.0857553	 0.0619311	 0.0721039	 0.0383506	 0.0000016	 0.0000009	 0.0000000	 0.0000000	    0.0000
   35.7864	  102.8395	    2.8066	    2	    2	  164	   46	  122	    0.0162	 0.0000000	 0.0000000	 0.0000000	 0.0000000	 0.0000000	 0.0233316	 0.0207708	 0.0200708	 0.0179105	 0.0150044	 0.0156704	 0.0167875	 0.0459686	 0.0439429	 0.0305563	 0.0441275	 0.0683010	 0.0650937	 0.0197986	 0.0002632	    0.0000
   35.7829	  102.8247	    4.2453	    2	    2	  164	   46	  122	    0.0261	 0.0000000	 0.0000000	 0.0000000	 0.0000000	 0.0000000	 0.0936514	 0.0996196	 0.1070023	 0.1001473	 0.0753393	 0.0597860	 0.0376159	 0.0292106	 0.0169215	 0.0107129	 0.0180642	 0.0317278	 0.0313213	 0.0089634	 0.0002982	    0.0000
   35.7795	  102.8099	    5.6840	    2	    2	  164	   46	  122	    0.1028	 0.0000000	 0.0000000	 0.0000000	 0.0000000	 0.2940917	 0.4073678	 0.4848577	 0.4987829	 0.4329367	 0.3226890	 0.2409228	 0.1132417	 0.0063910	 0.0061136	 0.0035629	 0.0058702	 0.0106113	 0.0105459	 0.0025735	 0.0001325	    0.0000
   35.7760	  102.7952	    7.1226	    2	    2	  164	   46	  122	    0.1730	 0.0000000	 0.0000000	 0.0000000	 0.0000000	 0.4548610	 0.7570767	 0.9209658	 0.8735129	 0.7731803	 0.5592188	 0.3302118	 0.0979776	 0.0016136	 0.0015417	 0.0008575	 0.0013790	 0.0025010	 0.0024795	 0.0004415	 0.0000000	    0.0000
   35.7726	  102.7804	    8.5613	    2	    2	  164	   46	  122	    0.2205	 0.0000000	 0.0000000	 0.0000000	 0.0000000	 0.5748956	 0.9429254	 1.1152721	 1.1591775	 1.0664662	 0.6919746	 0.4102192	 0.1294908	 0.0004126	 0.0002812	 0.0001454	 0.0002439	 0.0004622	 0.0004572	 0.0000598	 0.0000000	    0.0000
   35.7692	  102.7656	   10.0000	    2	    2	  164	   46	  122	    0.2055	 0.0000000	 0.0000000	 0.0000000	 0.0000000	 0.6239652	 0.8726630	 1.0016674	 1.0320263	 0.8971189	 0.6141859	 0.4114282	 0.1823446	 0.0411778	 0.0000387	 0.0000188	 0.0000342	 0.0000681	 0.0000677	 0.0000078	 0.0000000	    0.0000
   35.7657	  102.7508	   11.4387	    2	    2	  164	   46	  122	    0.1713	 0.0000000	 0.0000000	 0.0000000	 0.0000000	 0.5186112	 0.6639016	 0.7449686	 0.7616286	 0.7214697	 0.5677155	 0.4248018	 0.2454967	 0.0816243	 0.0011398	 0.0000016	 0.0000031	 0.0000065	 0.0000065	 0.0000007	 0.0000000	    0.0000
   35.7623	  102.7360	   12.8774	    2	    2	  164	   46	  122	    0.1102	 0.0000000	 0.0000000	 0.0000000	 0.0000000	 0.2628008	 0.3243572	 0.3327893	 0.3670478	 0.3935061	 0.3724107	 0.4580611	 0.3767042	 0.1428571	 0.0126196	 0.0000716	 0.0000565	 0.0000036	 0.0000019	 0.0000000	 0.0000000	    0.0000
   35.7588	  102.7212	   14.3160	    2	    2	  164	   46	  122	    0.0704	 0.0000000	 0.0000000	 0.0000000	 0.0000000	 0.1206691	 0.1366150	 0.1414642	 0.1526323	 0.1826771	 0.2724134	 0.4223240	 0.3390544	 0.1317136	 0.0379417	 0.0062688	 0.0003822	 0.0000142	 0.0000070	 0.0000000	 0.0000000	    0.0000
   35.7554	  102.7064	   15.7547	    2	    2	  164	   46	  122	    0.0402	 0.0000000	 0.0000000	 0.0000000	 0.0000000	 0.0000000	 0.0288929	 0.0189842	 0.0253857	 0.1050990	 0.1814025	 0.2438962	 0.2247218	 0.1545824	 0.0876275	 0.0351062	 0.0045416	 0.0000250	 0.0000127	 0.0000002	 0.0000000	    0.0000
   35.7519	  102.6916	   17.1934	    2	    2	  164	   46	  122	    0.0369	 0.0000000	 0.0000000	 0.0000000	 0.0000000	 0.0000000	 0.0097156	 0.0081888	 0.0137183	 0.1105897	 0.1321522	 0.1725164	 0.2094615	 0.1616471	 0.1010605	 0.0733323	 0.0269241	 0.0009461	 0.0000133	 0.0000003	 0.0000000	    0.0000
   35.7691	  102.8456	    2.8066	    2	    2	  164	   46	  122	    0.0152	 0.0000000	 0.0000000	 0.0000000	 0.0000000	 0.0000000	 0.0515574	 0.0519152	 0.0539457	 0.0423960	 0.0300635	 0.0255675	 0.0197882	 0.0256664	 0.0217903	 0.0163535	 0.0220413	 0.0278530	 0.0235592	 0.0065859	 0.0004007	    0.0000
   35.7656	  102.8308	    4.2453	    2	    2	  164	   46	  122	    0.0596	 0.0000000	 0.0000000	 0.0000000	 0.0000000	 0.1710850	 0.2224960	 0.2544104	 0.2758246	 0.2532064	 0.1818142	 0.1369449	 0.0847714	 0.0271379	 0.0055627	 0.0032865	 0.0060569	 0.0107566	 0.0105928	 0.0025978	 0.0001638	    0.0000
   35.7622	  102.8161	    5.6840	    2	    2	  164	   46	  122	    0.1790	 0.0000000	 0.0000000	 0.0000000	 0.0000000	 0.4395318	 0.6748168	 0.8722107	 0.9475128	 0.8316196	 0.5998351	 0.4031550	 0.1600435	 0.0044270	 0.0019808	 0.0010524	 0.0018073	 0.0034252	 0.0034118	 0.0005704	 0.0000000	    0.0000
   35.7588	  102.8013	    7.1226	    2	    2	  164	   46	  122	    0.2978	 0.0000000	 0.0000000	 0.0000000	 0.3749671	 0.5692025	 1.0786674	 1.4743171	 1.5259472	 1.3559162	 0.9342340	 0.6308002	 0.2787859	 0.0005534	 0.0004905	 0.0002421	 0.0004302	 0.0008462	 0.0008398	 0.0001004	 0.0000000	    0.0000
   35.7553	  102.7865	    8.5613	    2	    2	  164	   46	  122	    0.3667	 0.0000000	 0.0000000	 0.0000000	 0.3644248	 0.6870695	 1.4639712	 1.8219536	 1.9164781	 1.7966766	 1.0424116	 0.6256795	 0.3499706	 0.0605349	 0.0000920	 0.0000437	 0.0000815	 0.0001652	 0.0001644	 0.0000182	 0.0000000	    0.0000
   35.7519	  102.7717	   10.0000	    2	    2	  164	   46	  122	    0.3236	 0.0000000	 0.0000000	 0.0000000	 0.2718016	 0.6336022	 1.1742018	 1.4670030	 1.5992384	 1.4821633	 1.0088372	 0.7600469	 0.4204899	 0.1231102	 0.0000107	 0.0000049	 0.0000095	 0.0000196	 0.0000195	 0.0000021	 0.0000000	    0.0000
   35.7484	  102.7569	   11.4387	    2	    2	  164	   46	  122	    0.2283	 0.0000000	 0.0000000	 0.0000000	 0.2794261	 0.4363292	 0.6901127	 0.8994211	 0.9203894	 0.8594271	 0.7761049	 0.7505228	 0.5098162	 0.1840828	 0.0000675	 0.0000041	 0.0000092	 0.0000077	 0.0000042	 0.0000001	 0.0000000	    0.0000
   35.7450	  102.7421	   12.8774	    2	    2	  164	   46	  122	    0.1403	 0.0000000	 0.0000000	 0.0000000	 0.1747179	 0.2344466	 0.3170982	 0.3916428	 0.4286544	 0.4103815	 0.4944271	 0.7237914	 0.5570109	 0.1396307	 0.0025315	 0.0009262	 0.0000536	 0.0000419	 0.0000204	 0.0000001	 0.0000000	    0.0000
   35.7415	  102.7273	   14.3160	    2	    2	  164	   46	  122	    0.0900	 0.0000000	 0.0000000	 0.0000000	 0.0000000	 0.1368982	 0.1655968	 0.1626875	 0.1688276	 0.1979272	 0.3710202	 0.6140177	 0.4563246	 0.1514672	 0.0529791	 0.0066996	 0.0004195	 0.0001183	 0.0000588	 0.0000005	 0.0000000	    0.0000
   35.7381	  102.7125	   15.7547	    2	    2	  164	   46	  122	    0.0556	 0.0000000	 0.0000000	 0.0000000	 0.0000000	 0.0348819	 0.0275554	 0.0243812	 0.0354922	 0.1132399	 0.2470628	 0.3454259	 0.3068478	 0.2324013	 0.1315386	 0.0317132	 0.0045963	 0.0011099	 0.0000968	 0.0000015	 0.0000000	    0.0000
   35.7346	  102.6977	   17.1934	    2	    2	  164	   46	  122	    0.0461	 0.0000000	 0.0000000	 0.0000000	 0.0000000	 0.0000000	 0.0056150	 0.0085549	 0.0172417	 0.0916614	 0.1460629	 0.2266984	 0.2970901	 0.2590867	 0.1352378	 0.0618414	 0.0203211	 0.0030263	 0.0002055	 0.0000379	 0.0000000	    0.0000
   35.7518	  102.8517	    2.8066	    2	    2	  164	   46	  122	    0.0195	 0.0000000	 0.0000000	 0.0000000	 0.0000000	 0.0000000	 0.0888853	 0.0965512	 0.1049163	 0.0682545	 0.0396587	 0.0321091	 0.0247791	 0.0200688	 0.0135976	 0.0119224	 0.0141885	 0.0132398	 0.0091680	 0.0022159	 0.0001565	    0.0000
   35.7484	  102.8369	    4.2453	    2	    2	  164	   46	  122	    0.0808	 0.0000000	 0.0000000	 0.0000000	 0.0000000	 0.2637319	 0.3074981	 0.3687375	 0.4213440	 0.3573720	 0.2386465	 0.1606245	 0.0880450	 0.0167282	 0.0014095	 0.0007233	 0.0013569	 0.0025780	 0.0025556	 0.0004298	 0.0000086	    0.0000
   35.7449	  102.8222	    5.6840	    2	    2	  164	   46	  122	    0.2445	 0.0000000	 0.0000000	 0.0000000	 0.3280142	 0.6174337	 0.8528180	 1.1134154	 1.2527291	 1.0573875	 0.7741689	 0.5334180	 0.2075101	 0.0142175	 0.0004913	 0.0002364	 0.0004334	 0.0008688	 0.0008637	 0.0000985	 0.0000000	    0.0000
   35.7415	  102.8074	    7.1226	    2	    2	  164	   46	  122	    0.3261	 0.0000000	 0.0000000	 0.0000000	 0.3158345	 0.6507343	 1.2355305	 1.6280884	 1.7306333	 1.5349358	 1.0292953	 0.6487612	 0.2339976	 0.0002095	 0.0001230	 0.0000578	 0.0001093	 0.0002229	 0.0002219	 0.0000241	 0.0000000	    0.0000
   35.7380	  102.7926	    8.5613	    2	    2	  164	   46	  122	    0.3706	 0.0000000	 0.0000000	 0.0607106	 0.2001777	 0.5824229	 1.4543992	 1.7541587	 1.8966446	 1.8835048	 1.1096654	 0.7116209	 0.4145741	 0.1690518	 0.0000179	 0.0000083	 0.0000160	 0.0000330	 0.0000329	 0.0000035	 0.0000000	    0.0000
   35.7346	  102.7778	   10.0000	    2	    2	  164	   46	  122	    0.3158	 0.0000000	 0.0000000	 0.0144505	 0.1490177	 0.4837340	 1.1088094	 1.3527753	 1.4914463	 1.5012197	 0.9835207	 0.7363387	 0.5302538	 0.3199068	 0.0537176	 0.0000053	 0.0000118	 0.0000104	 0.0000060	 0.0000002	 0.0000000	    0.0000
   35.7311	  102.7630	   11.4387	    2	    2	  164	   46	  122	    0.2249	 0.0000000	 0.0000000	 0.0618184	 0.2215596	 0.3363581	 0.5882487	 0.7816707	 0.8351906	 0.8413636	 0.7668339	 0.7375480	 0.5867595	 0.3844791	 0.0695822	 0.0006409	 0.0000888	 0.0000692	 0.0000336	 0.0000001	 0.0000000	    0.0000
   35.7277	  102.7482	   12.8774	    2	    2	  164	   46	  122	    0.1582	 0.0000000	 0.0000000	 0.0000000	 0.1702082	 0.2040164	 0.3139180	 0.4276707	 0.4379411	 0.4342710	 0.5794421	 0.7829335	 0.6451973	 0.3070778	 0.0533116	 0.0130056	 0.0005052	 0.0002728	 0.0001343	 0.0000008	 0.0000000	    0.0000
   35.7242	  102.7334	   14.3160	    2	    2	  164	   46	  122	    0.1070	 0.0000000	 0.0000000	 0.0000000	 0.0912800	 0.0909346	 0.1272528	 0.1864478	 0.1917669	 0.2042797	 0.4199090	 0.6610613	 0.5130413	 0.2659917	 0.1448990	 0.0536203	 0.0049080	 0.0006346	 0.0003184	 0.0000032	 0.0000000	    0.0000
   35.7208	  102.7186	   15.7547	    2	    2	  164	   46	  122	    0.0647	 0.0000000	 0.0000000	 0.0000000	 0.0000000	 0.0303279	 0.0250154	 0.0343343	 0.0493892	 0.1283762	 0.2651451	 0.3444900	 0.3169333	 0.2680835	 0.1834542	 0.1210481	 0.0175070	 0.0016066	 0.0011539	 0.0001496	 0.0000000	    0.0000
   35.7174	  102.7038	   17.1934	    2	    2	  164	   46	  122	    0.0457	 0.0000000	 0.0000000	 0.0000000	 0.0000000	 0.0000000	 0.0014556	 0.0099083	 0.0173414	 0.0629664	 0.1131578	 0.1806861	 0.2807804	 0.2582035	 0.1575289	 0.1426820	 0.0331474	 0.0028152	 0.0018156	 0.0004547	 0.0000000	    0.0000
   35.7345	  102.8578	    2.8066	    2	    2	  164	   46	  122	    0.0311	 0.0000000	 0.0000000	 0.0000000	 0.0000000	 0.1216580	 0.0976079	 0.1310952	 0.1519169	 0.0981293	 0.0751769	 0.0598640	 0.0458642	 0.0301559	 0.0190767	 0.0139838	 0.0078869	 0.0048304	 0.0011194	 0.0001680	 0.0000086	    0.0000
   35.7311	  102.8431	    4.2453	    2	    2	  164	   46	  122	    0.0829	 0.0000000	 0.0000000	 0.0000000	 0.0000000	 0.3026235	 0.3032219	 0.4103121	 0.4674697	 0.3224575	 0.2202871	 0.1533780	 0.0821020	 0.0257851	 0.0002779	 0.0001317	 0.0002460	 0.0004986	 0.0004961	 0.0000550	 0.0000000	    0.0000
   35.7276	  102.8283	    5.6840	    2	    2	  164	   46	  122	    0.2092	 0.0000000	 0.0000000	 0.0000000	 0.3941164	 0.6127742	 0.6990086	 0.9742449	 1.1024732	 0.7952410	 0.5598686	 0.4024493	 0.1897382	 0.0476549	 0.0000962	 0.0000449	 0.0000855	 0.0001751	 0.0001744	 0.0000188	 0.0000000	    0.0000
   35.7242	  102.8135	    7.1226	    2	    2	  164	   46	  122	    0.2872	 0.0000000	 0.0000000	 0.0000000	 0.3355574	 0.6999386	 1.1060372	 1.4407161	 1.5077900	 1.1649810	 0.7797927	 0.5563711	 0.2613517	 0.0809331	 0.0000182	 0.0000085	 0.0000163	 0.0000335	 0.0000334	 0.0000035	 0.0000000	    0.0000
   35.7207	  102.7987	    8.5613	    2	    2	  164	   46	  122	    0.3085	 0.0000000	 0.0000000	 0.0160692	 0.2091841	 0.5899331	 1.2079465	 1.4319287	 1.5472802	 1.4483791	 0.9063126	 0.6646423	 0.3844269	 0.1136051	 0.0017561	 0.0000045	 0.0000099	 0.0000092	 0.0000057	 0.0000003	 0.0000000	    0.0000
   35.7173	  102.7839	   10.0000	    2	    2	  164	   46	  122	    0.2425	 0.0000000	 0.0000000	 0.0000000	 0.1542143	 0.4484388	 0.8218728	 0.9339682	 1.0698190	 1.1010780	 0.7250029	 0.5472577	 0.4207681	 0.3168285	 0.1587593	 0.0001895	 0.0000884	 0.0000688	 0.0000333	 0.0000001	 0.0000000	    0.0000
   35.7138	  102.7691	   11.4387	    2	    2	  164	   46	  122	    0.1703	 0.0000000	 0.0000000	 0.0448093	 0.1468491	 0.2430427	 0.4434545	 0.5404813	 0.5697234	 0.6323005	 0.5847721	 0.5312893	 0.4488668	 0.3562172	 0.1529221	 0.0085241	 0.0005357	 0.0003531	 0.0001728	 0.0000007	 0.0000000	    0.0000
   35.7104	  102.7543	   12.8774	    2	    2	  164	   46	  122	    0.1229	 0.0000000	 0.0000000	 0.0661182	 0.1160819	 0.1267124	 0.1918366	 0.2405843	 0.2608111	 0.3211777	 0.4286131	 0.5519391	 0.4851080	 0.3164253	 0.1913578	 0.0919337	 0.0050987	 0.0012057	 0.0007480	 0.0000311	 0.0000000	    0.0000
   35.7070	  102.7395	   14.3160	    2	    2	  164	   46	  122	    0.0791	 0.0000000	 0.0000000	 0.0000000	 0.0302839	 0.0321914	 0.0528516	 0.0720367	 0.0814128	 0.1310367	 0.3060809	 0.4498315	 0.3492411	 0.2515324	 0.2315025	 0.1626359	 0.0254242	 0.0044827	 0.0030804	 0.0002278	 0.0000000	    0.0000
   35.7035	  102.7247	   15.7547	    2	    2	  164	   46	  122	    0.0602	 0.0000000	 0.0000000	 0.0000000	 0.0000000	 0.0092151	 0.0026669	 0.0094440	 0.0230527	 0.1159712	 0.2367932	 0.2405605	 0.2173440	 0.2400601	 0.2500358	 0.2361238	 0.0528111	 0.0119003	 0.0170502	 0.0011606	 0.0000000	    0.0000
   35.7001	  102.7100	   17.1934	    2	    2	  164	   46	  122	    0.0451	 0.0000000	 0.0000000	 0.0000000	 0.0000000	 0.0000000	 0.0000865	 0.0011214	 0.0105996	 0.0562736	 0.0960849	 0.1067570	 0.1776016	 0.1931152	 0.2203264	 0.2749440	 0.0791684	 0.0144807	 0.0121926	 0.0025325	 0.0000275	    0.0000
   35.7172	  102.8639	    2.8066	    2	    2	  164	   46	  122	    0.0257	 0.0000000	 0.0000000	 0.0000000	 0.0000000	 0.0789998	 0.0661352	 0.0991516	 0.1231731	 0.0848655	 0.0756358	 0.0637557	 0.0452137	 0.0329219	 0.0204988	 0.0099555	 0.0051932	 0.0033045	 0.0020834	 0.0000159	 0.0000000	    0.0000
   35.7138	  102.8492	    4.2453	    2	    2	  164	   46	  122	    0.0643	 0.0000000	 0.0000000	 0.0000000	 0.0000000	 0.2012109	 0.2195458	 0.3011364	 0.3479362	 0.2592923	 0.1873872	 0.1334903	 0.0853982	 0.0398758	 0.0000425	 0.0000198	 0.0000378	 0.0000776	 0.0000773	 0.0000083	 0.0000000	    0.0000
   35.7103	  102.8344	    5.6840	    2	    2	  164	   46	  122	    0.1501	 0.0000000	 0.0000000	 0.0000000	 0.2560815	 0.4133808	 0.4970932	 0.6633242	 0.7133837	 0.5336028	 0.4225468	 0.3258678	 0.2026115	 0.0991837	 0.0190803	 0.0000052	 0.0000100	 0.0000206	 0.0000205	 0.0000022	 0.0000000	    0.0000
   35.7069	  102.8196	    7.1226	    2	    2	  164	   46	  122	    0.1864	 0.0000000	 0.0000000	 0.0241758	 0.2693323	 0.4249242	 0.6534970	 0.8971742	 0.8952747	 0.6873192	 0.5232136	 0.3890548	 0.2455122	 0.1309639	 0.0091283	 0.0000024	 0.0000053	 0.0000053	 0.0000036	 0.0000002	 0.0000000	    0.0000
   35.7034	  102.8048	    8.5613	    2	    2	  164	   46	  122	    0.1826	 0.0000000	 0.0000000	 0.0000000	 0.1847020	 0.3793225	 0.6240025	 0.7406136	 0.7776744	 0.7301304	 0.5437081	 0.4552938	 0.3289953	 0.1944419	 0.0848262	 0.0000234	 0.0000529	 0.0000411	 0.0000199	 0.0000000	 0.0000000	    0.0000
   35.7000	  102.7900	   10.0000	    2	    2	  164	   46	  122	    0.1474	 0.0000000	 0.0000000	 0.0000000	 0.1432529	 0.2847280	 0.4190396	 0.4967769	 0.5605317	 0.5394662	 0.4216664	 0.4053929	 0.3349655	 0.2590133	 0.1677526	 0.0396769	 0.0003762	 0.0002655	 0.0001294	 0.0000004	 0.0000000	    0.0000
   35.6966	  102.7752	   11.4387	    2	    2	  164	   46	  122	    0.1111	 0.0000000	 0.0000000	 0.0349510	 0.1155579	 0.1776592	 0.2428593	 0.2866415	 0.3295958	 0.3612155	 0.3429205	 0.3507294	 0.3258259	 0.2826893	 0.1766206	 0.0375366	 0.0017491	 0.0014653	 0.0013237	 0.0001114	 0.0000000	    0.0000
   35.6931	  102.7604	   12.8774	    2	    2	  164	   46	  122	    0.0684	 0.0000000	 0.0000000	 0.0151756	 0.0321890	 0.0650865	 0.0782560	 0.0756538	 0.1071385	 0.1511052	 0.1974899	 0.2856538	 0.2860129	 0.2435232	 0.2026556	 0.1184752	 0.0178658	 0.0072278	 0.0062668	 0.0004062	 0.0000000	    0.0000
   35.6897	  102.7456	   14.3160	    2	    2	  164	   46	  122	    0.0591	 0.0000000	 0.0000000	 0.0000000	 0.0129383	 0.0226171	 0.0334274	 0.0249749	 0.0214077	 0.0616873	 0.1871736	 0.2688574	 0.2122998	 0.2158274	 0.2560357	 0.2034883	 0.0600214	 0.0240844	 0.0266536	 0.0012585	 0.0000000	    0.0000
   35.6862	  102.7308	   15.7547	    2	    2	  164	   46	  122	    0.0551	 0.0000000	 0.0000000	 0.0000000	 0.0000000	 0.0000000	 0.0002492	 0.0003070	 0.0045247	 0.0847630	 0.1829578	 0.1514638	 0.1255175	 0.1881760	 0.2667577	 0.2878850	 0.1069486	 0.0536054	 0.0615614	 0.0069829	 0.0001100	    0.0000
   35.6828	  102.7161	   17.1934	    2	    2	  164	   46	  122	    0.0492	 0.0000000	 0.0000000	 0.0000000	 0.0000000	 0.0000000	 0.0000122	 0.0004469	 0.0039881	 0.0502648	 0.1030326	 0.1056936	 0.1088864	 0.1234199	 0.2484929	 0.3451954	 0.1321097	 0.0646625	 0.0618150	 0.0109826	 0.0003574	    0.0000
   35.6999	  102.8700	    2.8066	    2	    2	  164	   46	  122	    0.0196	 0.0000000	 0.0000000	 0.0000000	 0.0000000	 0.0419273	 0.0387752	 0.0625297	 0.0811943	 0.0672411	 0.0705273	 0.0669549	 0.0504618	 0.0361019	 0.0196260	 0.0052203	 0.0001931	 0.0000170	 0.0000169	 0.0000018	 0.0000000	    0.0000
   35.6965	  102.8553	    4.2453	    2	    2	  164	   46	  122	    0.0396	 0.0000000	 0.0000000	 0.0000000	 0.0000000	 0.1079190	 0.1304722	 0.1722145	 0.1926827	 0.1536448	 0.1191397	 0.0929203	 0.0723701	 0.0431639	 0.0103700	 0.0000018	 0.0000035	 0.0000072	 0.0000072	 0.0000008	 0.0000000	    0.0000
   35.6930	  102.8405	    5.6840	    2	    2	  164	   46	  122	    0.0802	 0.0000000	 0.0000000	 0.0000000	 0.1273703	 0.1982673	 0.2545605	 0.3153029	 0.3390428	 0.2776640	 0.2233002	 0.1877422	 0.1478750	 0.0951826	 0.0480921	 0.0000008	 0.0000017	 0.0000020	 0.0000015	 0.0000001	 0.0000000	    0.0000
   35.6896	  102.8257	    7.1226	    2	    2	  164	   46	  122	    0.1010	 0.0000000	 0.0000000	 0.0391473	 0.1649164	 0.2601907	 0.3480176	 0.4142430	 0.3929073	 0.3016622	 0.2506539	 0.2236028	 0.1688717	 0.1225092	 0.0775701	 0.0248798	 0.0000176	 0.0000137	 0.0000066	 0.0000000	 0.0000000	    0.0000
   35.6862	  102.8109	    8.5613	    2	    2	  164	   46	  122	    0.0965	 0.0000000	 0.0000000	 0.0490978	 0.1452497	 0.2184702	 0.2908872	 0.3113139	 0.3185571	 0.3151187	 0.2599667	 0.2349114	 0.1989528	 0.1485555	 0.1067858	 0.0631959	 0.0034387	 0.0001109	 0.0000539	 0.0000001	 0.0000000	    0.0000
   35.6827	  102.7961	   10.0000	    2	    2	  164	   46	  122	    0.0934	 0.0000000	 0.0000000	 0.0377233	 0.1290179	 0.1678596	 0.2152963	 0.2695195	 0.2900149	 0.2752029	 0.2468892	 0.2544537	 0.2371329	 0.2013951	 0.1481368	 0.0836899	 0.0216114	 0.0011569	 0.0014718	 0.0001639	 0.0000000	    0.0000
   35.6793	  102.7813	   11.4387	    2	    2	  164	   46	  122	    0.0666	 0.0000000	 0.0000000	 0.0432379	 0.0865218	 0.0945466	 0.1045931	 0.1244724	 0.1479613	 0.1567198	 0.1559501	 0.1981192	 0.2353663	 0.2126579	 0.1422566	 0.0853876	 0.0333460	 0.0074838	 0.0092273	 0.0008131	 0.0000000	    0.0000
   35.6758	  102.7665	   12.8774	    2	    2	  164	   46	  122	    0.0552	 0.0000000	 0.0000000	 0.0357154	 0.0436071	 0.0425030	 0.0463981	 0.0487134	 0.0489704	 0.0650273	 0.1078465	 0.1864100	 0.2257465	 0.2273002	 0.1787184	 0.1315720	 0.0732072	 0.0328515	 0.0289297	 0.0017709	 0.0000000	    0.0000
   35.6724	  102.7517	   14.3160	    2	    2	  164	   46	  122	    0.0540	 0.0000000	 0.0000000	 0.0000000	 0.0175076	 0.0207602	 0.0136700	 0.0032691	 0.0036718	 0.0269344	 0.1022755	 0.1585836	 0.1731128	 0.2286925	 0.2241962	 0.2088719	 0.1376070	 0.0786107	 0.0824141	 0.0126315	 0.0001649	    0.0000
   35.6689	  102.7369	   15.7547	    2	    2	  164	   46	  122	    0.0525	 0.0000000	 0.0000000	 0.0000000	 0.0000000	 0.0000000	 0.0000244	 0.0000367	 0.0000383	 0.0417155	 0.0942218	 0.0590521	 0.0900908	 0.1865538	 0.2038614	 0.2532894	 0.2010843	 0.1593186	 0.1440255	 0.0168206	 0.0009346	    0.0000
   35.6655	  102.7222	   17.1934	    2	    2	  164	   46	  122	    0.0467	 0.0000000	 0.0000000	 0.0000000	 0.0000000	 0.0000000	 0.0000000	 0.0000016	 0.0000017	 0.0300260	 0.0520177	 0.0437927	 0.0546237	 0.0955962	 0.1684875	 0.2784200	 0.2071095	 0.1770605	 0.1492314	 0.0302931	 0.0020892	    0.0000
   35.6826	  102.8762	    2.8066	    2	    2	  164	   46	  122	    0.0121	 0.0000000	 0.0000000	 0.0000000	 0.0000000	 0.0000000	 0.0226160	 0.0400959	 0.0461752	 0.0444442	 0.0453441	 0.0410106	 0.0362842	 0.0290354	 0.0176477	 0.0077481	 0.0023997	 0.0005791	 0.0000012	 0.0000001	 0.0000000	    0.0000
   35.6792	  102.8614	    4.2453	    2	    2	  164	   46	  122	    0.0207	 0.0000000	 0.0000000	 0.0000000	 0.0000000	 0.0480486	 0.0680486	 0.0882930	 0.0904303	 0.0742406	 0.0629295	 0.0528915	 0.0440931	 0.0295882	 0.0118892	 0.0000001	 0.0000003	 0.0000004	 0.0000003	 0.0000000	 0.0000000	    0.0000
   35.6758	  102.8466	    5.6840	    2	    2	  164	   46	  122	    0.0458	 0.0000000	 0.0000000	 0.0000000	 0.0695290	 0.1079071	 0.1379379	 0.1635046	 0.1699821	 0.1430669	 0.1298417	 0.1227269	 0.0965777	 0.0692533	 0.0457162	 0.0094749	 0.0000025	 0.0000019	 0.0000009	 0.0000000	 0.0000000	    0.0000
   35.6723	  102.8318	    7.1226	    2	    2	  164	   46	  122	    0.0594	 0.0000000	 0.0000000	 0.0000000	 0.1086772	 0.1541882	 0.1827778	 0.2050821	 0.1916050	 0.1605060	 0.1558754	 0.1419405	 0.1130193	 0.0981898	 0.0756674	 0.0409509	 0.0136791	 0.0000216	 0.0000105	 0.0000000	 0.0000000	    0.0000
   35.6689	  102.8170	    8.5613	    2	    2	  164	   46	  122	    0.0722	 0.0000000	 0.0000000	 0.0405711	 0.1070726	 0.1698935	 0.2062801	 0.2029242	 0.1894957	 0.1982360	 0.1976476	 0.1753400	 0.1526139	 0.1426620	 0.1184730	 0.0691301	 0.0221574	 0.0005390	 0.0008672	 0.0001087	 0.0000000	    0.0000
   35.6654	  102.8022	   10.0000	    2	    2	  164	   46	  122	    0.0499	 0.0000000	 0.0000000	 0.0611201	 0.0791266	 0.0795878	 0.0945444	 0.0967025	 0.0930096	 0.1115071	 0.1227898	 0.1245306	 0.1334409	 0.1396392	 0.1170036	 0.0780392	 0.0341858	 0.0047076	 0.0075580	 0.0008231	 0.0000000	    0.0000
   35.6620	  102.7874	   11.4387	    2	    2	  164	   46	  122	    0.0416	 0.0000000	 0.0000000	 0.0588373	 0.0560125	 0.0461549	 0.0572381	 0.0597753	 0.0480489	 0.0452823	 0.0584710	 0.1068929	 0.1489356	 0.1498214	 0.1151325	 0.0844711	 0.0492045	 0.0309832	 0.0313147	 0.0026895	 0.0000000	    0.0000
   35.6585	  102.7726	   12.8774	    2	    2	  164	   46	  122	    0.0454	 0.0000000	 0.0000000	 0.0000000	 0.0234833	 0.0225533	 0.0111165	 0.0109806	 0.0172909	 0.0147104	 0.0291415	 0.1320411	 0.1842947	 0.1994534	 0.1494580	 0.1114546	 0.0927933	 0.1088298	 0.1247930	 0.0221111	 0.0001100	    0.0000
   35.6551	  102.7578	   14.3160	    2	    2	  164	   46	  122	    0.0598	 0.0000000	 0.0000000	 0.0000000	 0.0225903	 0.0131829	 0.0019273	 0.0035268	 0.0031485	 0.0049919	 0.0345617	 0.1298735	 0.1856287	 0.2348866	 0.1818619	 0.1938778	 0.1967517	 0.2084756	 0.2110424	 0.0251396	 0.0009346	    0.0000
   35.6516	  102.7431	   15.7547	    2	    2	  164	   46	  122	    0.0619	 0.0000000	 0.0000000	 0.0000000	 0.0000000	 0.0000000	 0.0000000	 0.0000013	 0.0000013	 0.0181241	 0.0307222	 0.0552666	 0.1171895	 0.1880858	 0.1444504	 0.2247055	 0.2873665	 0.3335562	 0.2820189	 0.0261866	 0.0034637	    0.0000
   35.6482	  102.7283	   17.1934	    2	    2	  164	   46	  122	    0.0540	 0.0000000	 0.0000000	 0.0000000	 0.0000000	 0.0000000	 0.0000000	 0.0000000	 0.0002585	 0.0247483	 0.0226450	 0.0290115	 0.0562901	 0.1022414	 0.0957439	 0.2111407	 0.2971534	 0.3490846	 0.2624892	 0.0331345	 0.0089772	    0.0000
   35.6654	  102.8823	    2.8066	    2	    2	  164	   46	  122	    0.0100	 0.0000000	 0.0000000	 0.0000000	 0.0000000	 0.0000000	 0.0163442	 0.0232099	 0.0329695	 0.0360062	 0.0346705	 0.0356732	 0.0324162	 0.0263842	 0.0202587	 0.0116103	 0.0054849	 0.0024223	 0.0001043	 0.0000000	 0.0000000	    0.0000
   35.6619	  102.8675	    4.2453	    2	    2	  164	   46	  122	    0.0133	 0.0000000	 0.0000000	 0.0000000	 0.0000000	 0.0269100	 0.0397201	 0.0485278	 0.0518060	 0.0456481	 0.0392585	 0.0368088	 0.0327153	 0.0234404	 0.0142929	 0.0075111	 0.0017580	 0.0000000	 0.0000000	 0.0000000	 0.0000000	    0.0000
   35.6585	  102.8527	    5.6840	    2	    2	  164	   46	  122	    0.0238	 0.0000000	 0.0000000	 0.0000000	 0.0000000	 0.0579546	 0.0701002	 0.0802383	 0.0784924	 0.0664170	 0.0646825	 0.0643701	 0.0554556	 0.0454031	 0.0372891	 0.0264991	 0.0103145	 0.0000010	 0.0000005	 0.0000000	 0.0000000	    0.0000
   35.6550	  102.8379	    7.1226	    2	    2	  164	   46	  122	    0.0341	 0.0000000	 0.0000000	 0.0000000	 0.0757584	 0.0877077	 0.0927101	 0.0987726	 0.0846932	 0.0731332	 0.0785656	 0.0725333	 0.0660258	 0.0674012	 0.0589785	 0.0482571	 0.0320009	 0.0046734	 0.0002056	 0.0000271	 0.0000000	    0.0000
   35.6516	  102.8231	    8.5613	    2	    2	  164	   46	  122	    0.0276	 0.0000000	 0.0000000	 0.0000000	 0.0474581	 0.0572657	 0.0601978	 0.0476821	 0.0567178	 0.0755577	 0.0683306	 0.0594060	 0.0634610	 0.0629204	 0.0597281	 0.0563721	 0.0349463	 0.0094003	 0.0026825	 0.0003275	 0.0000000	    0.0000
   35.6481	  102.8083	   10.0000	    2	    2	  164	   46	  122	    0.0248	 0.0000000	 0.0000000	 0.0000000	 0.0440806	 0.0454443	 0.0426903	 0.0326689	 0.0346286	 0.0513141	 0.0592204	 0.0555857	 0.0597567	 0.0697314	 0.0638272	 0.0507416	 0.0342046	 0.0215253	 0.0183154	 0.0017608	 0.0000000	    0.0000
   35.6447	  102.7935	   11.4387	    2	    2	  164	   46	  122	    0.0277	 0.0000000	 0.0000000	 0.0000000	 0.0294729	 0.0263095	 0.0292507	 0.0252530	 0.0176013	 0.0183154	 0.0291020	 0.0653596	 0.0721361	 0.0814503	 0.0792702	 0.0557363	 0.0362831	 0.0767667	 0.1062024	 0.0160353	 0.0000275	    0.0000
   35.6412	  102.7787	   12.8774	    2	    2	  164	   46	  122	    0.0411	 0.0000000	 0.0000000	 0.0000000	 0.0000000	 0.0000000	 0.0000244	 0.0000268	 0.0000280	 0.0000377	 0.0048413	 0.1212304	 0.1271710	 0.1180929	 0.0991848	 0.0794682	 0.0781073	 0.1964688	 0.2621733	 0.0487460	 0.0003574	    0.0000
   35.6378	  102.7639	   14.3160	    2	    2	  164	   46	  122	    0.0589	 0.0000000	 0.0000000	 0.0000000	 0.0000000	 0.0000000	 0.0000000	 0.0000006	 0.0000006	 0.0000004	 0.0071621	 0.1431704	 0.1452332	 0.1261654	 0.1050203	 0.1592269	 0.1919291	 0.3280823	 0.3707803	 0.0489675	 0.0020892	    0.0000
   35.6344	  102.7492	   15.7547	    2	    2	  164	   46	  122	    0.0637	 0.0000000	 0.0000000	 0.0000000	 0.0000000	 0.0000000	 0.0000000	 0.0000000	 0.0000000	 0.0000970	 0.0054835	 0.0859208	 0.1073003	 0.1121573	 0.0822246	 0.1829896	 0.2899761	 0.4532452	 0.4002265	 0.0299182	 0.0089772	    0.0000
   35.6309	  102.7344	   17.1934	    2	    2	  164	   46	  122	    0.0544	 0.0000000	 0.0000000	 0.0000000	 0.0000000	 0.0000000	 0.0000000	 0.0000000	 0.0010627	 0.0081796	 0.0086784	 0.0291319	 0.0385771	 0.0693963	 0.0574741	 0.1602138	 0.2944554	 0.4406859	 0.3395036	 0.0339034	 0.0212844	    0.0000