   35.5850	  102.8829	    2.1199	    2	    2	  303	   52	   62	    0.0003	 0.0000000	 0.0000000	 0.0000000	 0.0000000	 0.0000000	 0.0000000	 0.0000000	 0.0003381	 0.0003317	 0.0004808	 0.0006646	 0.0008516	 0.0009211	 0.0008273	 0.0007555	 0.0007442	 0.0007450	 0.0006469	 0.0003588	 0.0000798	 0.0000000	 0.0000009	 0.0000016	 0.0000017	 0.0000011	 0.0000005	 0.0000000	    0.0000
   35.5943	  102.8903	    3.6959	    2	    2	  303	   52	   62	    0.0011	 0.0000000	 0.0000000	 0.0000000	 0.0000000	 0.0000000	 0.0000000	 0.0025747	 0.0025264	 0.0023391	 0.0018500	 0.0017554	 0.0022687	 0.0024120	 0.0022092	 0.0024970	 0.0028869	 0.0028347	 0.0024478	 0.0016697	 0.0005210	 0.0000000	 0.0000005	 0.0000008	 0.0000009	 0.0000006	 0.0000002	 0.0000000	    0.0000
   35.6036	  102.8977	    5.2719	    2	    2	  303	   52	   62	    0.0013	 0.0000000	 0.0000000	 0.0000000	 0.0000000	 0.0000000	 0.0000000	 0.0032412	 0.0030124	 0.0025706	 0.0022874	 0.0023571	 0.0027731	 0.0031007	 0.0029686	 0.0028977	 0.0031999	 0.0031502	 0.0024189	 0.0013218	 0.0000256	 0.0000000	 0.0000001	 0.0000002	 0.0000002	 0.0000001	 0.0000001	 0.0000000	    0.0000
   35.6129	  102.9052	    6.8480	    2	    2	  303	   52	   62	    0.0017	 0.0000000	 0.0000000	 0.0000000	 0.0000000	 0.0000000	 0.0000000	 0.0058396	 0.0028344	 0.0006968	 0.0016290	 0.0022925	 0.0026724	 0.0044375	 0.0054131	 0.0054079	 0.0056083	 0.0050573	 0.0034621	 0.0013801	 0.0000000	 0.0000000	 0.0000000	 0.0000000	 0.0000000	 0.0000000	 0.0000000	 0.0000000	    0.0000
   35.6221	  102.9126	    8.4240	    2	    2	  303	   52	   62	    0.0018	 0.0000000	 0.0000000	 0.0000000	 0.0000000	 0.0000000	 0.0000000	 0.0066138	 0.0044538	 0.0012494	 0.0006366	 0.0017200	 0.0027428	 0.0048380	 0.0061714	 0.0051935	 0.0047127	 0.0052702	 0.0043075	 0.0020752	 0.0004076	 0.0000000	 0.0000000	 0.0000000	 0.0000000	 0.0000000	 0.0000000	 0.0000000	    0.0000
   35.6314	  102.9200	   10.0000	    2	    2	  303	   52	   62	    0.0031	 0.0000000	 0.0000000	 0.0000000	 0.0000000	 0.0000000	 0.0000000	 0.0098659	 0.0091984	 0.0073844	 0.0039296	 0.0023459	 0.0046018	 0.0081330	 0.0099446	 0.0095016	 0.0085502	 0.0068922	 0.0033390	 0.0007137	 0.0000000	 0.0000000	 0.0000000	 0.0000000	 0.0000000	 0.0000000	 0.0000000	 0.0000000	    0.0000
   35.6407	  102.9274	   11.5760	    2	    2	  303	   52	   62	    0.0030	 0.0000000	 0.0000000	 0.0000000	 0.0000000	 0.0000000	 0.0000000	 0.0069294	 0.0060405	 0.0049862	 0.0045228	 0.0056237	 0.0069593	 0.0075944	 0.0091419	 0.0094101	 0.0073016	 0.0060593	 0.0049252	 0.0021699	 0.0000000	 0.0000000	 0.0000000	 0.0000000	 0.0000000	 0.0000000	 0.0000000	 0.0000000	    0.0000
   35.6500	  102.9349	   13.1520	    2	    2	  303	   52	   62	    0.0044	 0.0000000	 0.0000000	 0.0000000	 0.0000000	 0.0000000	 0.0000000	 0.0105547	 0.0095526	 0.0104495	 0.0135064	 0.0131176	 0.0125001	 0.0124147	 0.0105561	 0.0085663	 0.0074489	 0.0077625	 0.0060342	 0.0002025	 0.0000000	 0.0000000	 0.0000000	 0.0000000	 0.0000000	 0.0000000	 0.0000000	 0.0000000	    0.0000
   35.6593	  102.9423	   14.7281	    2	    2	  303	   52	   62	    0.0041	 0.0000000	 0.0000000	 0.0000000	 0.0000000	 0.0000000	 0.0000000	 0.0081427	 0.0090724	 0.0090364	 0.0135356	 0.0162286	 0.0123148	 0.0091618	 0.0085536	 0.0080141	 0.0092951	 0.0081844	 0.0016005	 0.0000000	 0.0000000	 0.0000000	 0.0000000	 0.0000000	 0.0000000	 0.0000000	 0.0000000	 0.0000000	    0.0000
   35.6686	  102.9497	   16.3041	    2	    2	  303	   52	   62	    0.0052	 0.0000000	 0.0000000	 0.0000000	 0.0000000	 0.0000000	 0.0000000	 0.0102937	 0.0110014	 0.0137888	 0.0175627	 0.0209665	 0.0196800	 0.0123641	 0.0085133	 0.0120020	 0.0125805	 0.0059902	 0.0000000	 0.0000000	 0.0000000	 0.0000000	 0.0000000	 0.0000000	 0.0000000	 0.0000000	 0.0000000	 0.0000000	    0.0000
   35.6779	  102.9572	   17.8801	    2	    2	  303	   52	   62	    0.0027	 0.0000000	 0.0000000	 0.0000000	 0.0000000	 0.0000000	 0.0000000	 0.0000000	 0.0077173	 0.0100885	 0.0099023	 0.0104439	 0.0104739	 0.0076862	 0.0056850	 0.0054061	 0.0042801	 0.0019327	 0.0000000	 0.0000000	 0.0000000	 0.0000000	 0.0000000	 0.0000000	 0.0000000	 0.0000000	 0.0000000	 0.0000000	    0.0000
   35.6872	  102.9646	   19.4561	    2	    2	  303	   52	   62	    0.0038	 0.0000000	 0.0000000	 0.0000000	 0.0000000	 0.0000000	 0.0000000	 0.0000000	 0.0124920	 0.0150559	 0.0133001	 0.0134375	 0.0159669	 0.0146063	 0.0113968	 0.0070043	 0.0011451	 0.0000000	 0.0000000	 0.0000000	 0.0000000	 0.0000000	 0.0000000	 0.0000000	 0.0000000	 0.0000000	 0.0000000	 0.0000000	    0.0000
   35.6964	  102.9720	   21.0322	    2	    2	  303	   52	   62	    0.0026	 0.0000000	 0.0000000	 0.0000000	 0.0000000	 0.0000000	 0.0000000	 0.0000000	 0.0000000	 0.0124961	 0.0128018	 0.0120499	 0.0129460	 0.0111600	 0.0072138	 0.0031966	 0.0000000	 0.0000000	 0.0000000	 0.0000000	 0.0000000	 0.0000000	 0.0000000	 0.0000000	 0.0000000	 0.0000000	 0.0000000	 0.0000000	    0.0000
   35.5948	  102.8643	    2.1199	    2	    2	  303	   52	   62	    0.0002	 0.0000000	 0.0000000	 0.0000000	 0.0000000	 0.0000000	 0.0000000	 0.0002979	 0.0003090	 0.0002426	 0.0002470	 0.0003565	 0.0004935	 0.0006416	 0.0006727	 0.0006006	 0.0005734	 0.0005211	 0.0004067	 0.0002526	 0.0000540	 0.0000001	 0.0000065	 0.0000114	 0.0000122	 0.0000084	 0.0000034	 0.0000000	    0.0000
   35.6041	  102.8717	    3.6959	    2	    2	  303	   52	   62	    0.0012	 0.0000000	 0.0000000	 0.0000000	 0.0000000	 0.0000000	 0.0000000	 0.0024641	 0.0028412	 0.0028532	 0.0023165	 0.0023482	 0.0028365	 0.0027586	 0.0025188	 0.0027732	 0.0028199	 0.0023281	 0.0018515	 0.0010969	 0.0000000	 0.0000001	 0.0000039	 0.0000069	 0.0000073	 0.0000050	 0.0000021	 0.0000000	    0.0000
   35.6134	  102.8792	    5.2719	    2	    2	  303	   52	   62	    0.0031	 0.0000000	 0.0000000	 0.0000000	 0.0000000	 0.0000000	 0.0076787	 0.0068872	 0.0059855	 0.0059188	 0.0057066	 0.0057745	 0.0067218	 0.0076394	 0.0078561	 0.0075235	 0.0070664	 0.0056840	 0.0032617	 0.0012439	 0.0000000	 0.0000000	 0.0000013	 0.0000024	 0.0000026	 0.0000018	 0.0000007	 0.0000000	    0.0000
   35.6227	  102.8866	    6.8480	    2	    2	  303	   52	   62	    0.0027	 0.0000000	 0.0000000	 0.0000000	 0.0000000	 0.0000000	 0.0096750	 0.0077797	 0.0050200	 0.0037107	 0.0032951	 0.0032399	 0.0048992	 0.0062795	 0.0065021	 0.0070911	 0.0070531	 0.0057036	 0.0033463	 0.0002649	 0.0000000	 0.0000000	 0.0000002	 0.0000004	 0.0000005	 0.0000003	 0.0000001	 0.0000000	    0.0000
   35.6319	  102.8940	    8.4240	    2	    2	  303	   52	   62	    0.0053	 0.0000000	 0.0000000	 0.0000000	 0.0000000	 0.0000000	 0.0173258	 0.0168797	 0.0154263	 0.0081489	 0.0045423	 0.0078820	 0.0126040	 0.0147401	 0.0142898	 0.0129257	 0.0108894	 0.0071806	 0.0024476	 0.0000000	 0.0000000	 0.0000000	 0.0000000	 0.0000000	 0.0000000	 0.0000000	 0.0000000	 0.0000000	    0.0000
   35.6412	  102.9014	   10.0000	    2	    2	  303	   52	   62	    0.0027	 0.0000000	 0.0000000	 0.0000000	 0.0000000	 0.0000000	 0.0113397	 0.0081287	 0.0073098	 0.0052532	 0.0031222	 0.0021977	 0.0029495	 0.0057504	 0.0078780	 0.0076711	 0.0071003	 0.0049733	 0.0008637	 0.0000000	 0.0000000	 0.0000000	 0.0000000	 0.0000000	 0.0000000	 0.0000000	 0.0000000	 0.0000000	    0.0000
   35.6505	  102.9089	   11.5760	    2	    2	  303	   52	   62	    0.0055	 0.0000000	 0.0000000	 0.0000000	 0.0000000	 0.0000000	 0.0185817	 0.0146813	 0.0128835	 0.0102994	 0.0085314	 0.0106186	 0.0135175	 0.0139723	 0.0148116	 0.0143924	 0.0103535	 0.0066654	 0.0034735	 0.0000000	 0.0000000	 0.0000000	 0.0000000	 0.0000000	 0.0000000	 0.0000000	 0.0000000	 0.0000000	    0.0000
   35.6598	  102.9163	   13.1520	    2	    2	  303	   52	   62	    0.0046	 0.0000000	 0.0000000	 0.0000000	 0.0000000	 0.0000000	 0.0147886	 0.0138338	 0.0129262	 0.0106829	 0.0114715	 0.0133023	 0.0121274	 0.0106675	 0.0102568	 0.0064175	 0.0023764	 0.0042597	 0.0039972	 0.0000000	 0.0000000	 0.0000000	 0.0000000	 0.0000000	 0.0000000	 0.0000000	 0.0000000	 0.0000000	    0.0000
   35.6691	  102.9237	   14.7281	    2	    2	  303	   52	   62	    0.0074	 0.0000000	 0.0000000	 0.0000000	 0.0000000	 0.0000000	 0.0171810	 0.0183438	 0.0195703	 0.0217610	 0.0288070	 0.0290193	 0.0220963	 0.0168805	 0.0108785	 0.0071777	 0.0082816	 0.0044585	 0.0000000	 0.0000000	 0.0000000	 0.0000000	 0.0000000	 0.0000000	 0.0000000	 0.0000000	 0.0000000	 0.0000000	    0.0000
   35.6784	  102.9312	   16.3041	    2	    2	  303	   52	   62	    0.0079	 0.0000000	 0.0000000	 0.0000000	 0.0000000	 0.0000000	 0.0000000	 0.0201148	 0.0249637	 0.0272218	 0.0303457	 0.0361347	 0.0291044	 0.0153467	 0.0116705	 0.0113759	 0.0089155	 0.0042169	 0.0000000	 0.0000000	 0.0000000	 0.0000000	 0.0000000	 0.0000000	 0.0000000	 0.0000000	 0.0000000	 0.0000000	    0.0000
   35.6877	  102.9386	   17.8801	    2	    2	  303	   52	   62	    0.0049	 0.0000000	 0.0000000	 0.0000000	 0.0000000	 0.0000000	 0.0000000	 0.0109759	 0.0190972	 0.0194647	 0.0175448	 0.0195861	 0.0171574	 0.0141364	 0.0107690	 0.0030552	 0.0012674	 0.0018346	 0.0000000	 0.0000000	 0.0000000	 0.0000000	 0.0000000	 0.0000000	 0.0000000	 0.0000000	 0.0000000	 0.0000000	    0.0000
   35.6969	  102.9460	   19.4561	    2	    2	  303	   52	   62	    0.0041	 0.0000000	 0.0000000	 0.0000000	 0.0000000	 0.0000000	 0.0000000	 0.0000000	 0.0177484	 0.0191190	 0.0155245	 0.0177531	 0.0181628	 0.0142681	 0.0098918	 0.0020573	 0.0000000	 0.0000000	 0.0000000	 0.0000000	 0.0000000	 0.0000000	 0.0000000	 0.0000000	 0.0000000	 0.0000000	 0.0000000	 0.0000000	    0.0000
   35.7062	  102.9534	   21.0322	    2	    2	  303	   52	   62	    0.0035	 0.0000000	 0.0000000	 0.0000000	 0.0000000	 0.0000000	 0.0000000	 0.0000000	 0.0127492	 0.0134992	 0.0146073	 0.0161096	 0.0154130	 0.0128963	 0.0091903	 0.0029953	 0.0000000	 0.0000000	 0.0000000	 0.0000000	 0.0000000	 0.0000000	 0.0000000	 0.0000000	 0.0000000	 0.0000000	 0.0000000	 0.0000000	    0.0000
   35.6046	  102.8457	    2.1199	    2	    2	  303	   52	   62	    0.0005	 0.0000000	 0.0000000	 0.0000000	 0.0000000	 0.0000000	 0.0000000	 0.0011907	 0.0011641	 0.0009994	 0.0009689	 0.0009593	 0.0011996	 0.0015651	 0.0017266	 0.0016884	 0.0015070	 0.0010822	 0.0004839	 0.0000000	 0.0000000	 0.0000011	 0.0000364	 0.0000641	 0.0000681	 0.0000468	 0.0000192	 0.0000000	    0.0000
   35.6139	  102.8532	    3.6959	    2	    2	  303	   52	   62	    0.0039	 0.0000000	 0.0000000	 0.0000000	 0.0000000	 0.0000000	 0.0064739	 0.0073906	 0.0093749	 0.0098561	 0.0098310	 0.0098787	 0.0092132	 0.0087932	 0.0086101	 0.0083173	 0.0074863	 0.0059608	 0.0041267	 0.0012415	 0.0000000	 0.0000007	 0.0000237	 0.0000418	 0.0000445	 0.0000306	 0.0000125	 0.0000000	    0.0000
   35.6232	  102.8606	    5.2719	    2	    2	  303	   52	   62	    0.0027	 0.0000000	 0.0000000	 0.0000000	 0.0000000	 0.0000000	 0.0073017	 0.0064604	 0.0065960	 0.0071378	 0.0071711	 0.0072468	 0.0066014	 0.0059134	 0.0061502	 0.0054678	 0.0038602	 0.0027116	 0.0015807	 0.0000000	 0.0000000	 0.0000002	 0.0000099	 0.0000175	 0.0000187	 0.0000129	 0.0000053	 0.0000000	    0.0000
   35.6324	  102.8680	    6.8480	    2	    2	  303	   52	   62	    0.0059	 0.0000000	 0.0000000	 0.0000000	 0.0000000	 0.0000000	 0.0178918	 0.0156115	 0.0124742	 0.0136690	 0.0154860	 0.0136726	 0.0132857	 0.0152977	 0.0154780	 0.0128770	 0.0095917	 0.0063654	 0.0017275	 0.0000000	 0.0000000	 0.0000000	 0.0000026	 0.0000045	 0.0000048	 0.0000033	 0.0000014	 0.0000000	    0.0000
   35.6417	  102.8754	    8.4240	    2	    2	  303	   52	   62	    0.0090	 0.0000000	 0.0000000	 0.0000000	 0.0000000	 0.0331982	 0.0293355	 0.0253419	 0.0213110	 0.0170061	 0.0150747	 0.0157727	 0.0194475	 0.0209380	 0.0174937	 0.0152396	 0.0130901	 0.0062790	 0.0000000	 0.0000000	 0.0000000	 0.0000000	 0.0000004	 0.0000006	 0.0000007	 0.0000005	 0.0000002	 0.0000000	    0.0000
   35.6510	  102.8829	   10.0000	    2	    2	  303	   52	   62	    0.0103	 0.0000000	 0.0000000	 0.0000000	 0.0000000	 0.0377664	 0.0344282	 0.0288451	 0.0248949	 0.0231007	 0.0177954	 0.0132649	 0.0185639	 0.0236428	 0.0229877	 0.0215308	 0.0145451	 0.0024329	 0.0000000	 0.0000000	 0.0000000	 0.0000000	 0.0000000	 0.0000000	 0.0000000	 0.0000000	 0.0000000	 0.0000000	    0.0000
   35.6603	  102.8903	   11.5760	    2	    2	  303	   52	   62	    0.0132	 0.0000000	 0.0000000	 0.0000000	 0.0000000	 0.0515094	 0.0437061	 0.0391160	 0.0367117	 0.0306796	 0.0242326	 0.0263119	 0.0310305	 0.0279138	 0.0236720	 0.0182924	 0.0088456	 0.0031769	 0.0000000	 0.0000000	 0.0000000	 0.0000000	 0.0000000	 0.0000000	 0.0000000	 0.0000000	 0.0000000	 0.0000000	    0.0000
   35.6696	  102.8977	   13.1520	    2	    2	  303	   52	   62	    0.0110	 0.0000000	 0.0000000	 0.0000000	 0.0000000	 0.0000000	 0.0409507	 0.0419040	 0.0418097	 0.0358458	 0.0275367	 0.0286841	 0.0295806	 0.0203899	 0.0140134	 0.0114358	 0.0065543	 0.0038257	 0.0000000	 0.0000000	 0.0000000	 0.0000000	 0.0000000	 0.0000000	 0.0000000	 0.0000000	 0.0000000	 0.0000000	    0.0000
   35.6789	  102.9052	   14.7281	    2	    2	  303	   52	   62	    0.0069	 0.0000000	 0.0000000	 0.0000000	 0.0000000	 0.0000000	 0.0232918	 0.0238378	 0.0260029	 0.0265114	 0.0259438	 0.0222717	 0.0161650	 0.0105095	 0.0078265	 0.0063640	 0.0017265	 0.0000000	 0.0000000	 0.0000000	 0.0000000	 0.0000000	 0.0000000	 0.0000000	 0.0000000	 0.0000000	 0.0000000	 0.0000000	    0.0000
   35.6882	  102.9126	   16.3041	    2	    2	  303	   52	   62	    0.0117	 0.0000000	 0.0000000	 0.0000000	 0.0000000	 0.0000000	 0.0326572	 0.0379874	 0.0476500	 0.0498681	 0.0486307	 0.0443696	 0.0284232	 0.0132811	 0.0106095	 0.0080923	 0.0025340	 0.0000000	 0.0000000	 0.0000000	 0.0000000	 0.0000000	 0.0000000	 0.0000000	 0.0000000	 0.0000000	 0.0000000	 0.0000000	    0.0000
   35.6975	  102.9200	   17.8801	    2	    2	  303	   52	   62	    0.0087	 0.0000000	 0.0000000	 0.0000000	 0.0000000	 0.0000000	 0.0000000	 0.0245805	 0.0339255	 0.0386589	 0.0378348	 0.0352110	 0.0297294	 0.0251571	 0.0157537	 0.0005615	 0.0000000	 0.0000000	 0.0000000	 0.0000000	 0.0000000	 0.0000000	 0.0000000	 0.0000000	 0.0000000	 0.0000000	 0.0000000	 0.0000000	    0.0000
   35.7067	  102.9274	   19.4561	    2	    2	  303	   52	   62	    0.0052	 0.0000000	 0.0000000	 0.0000000	 0.0000000	 0.0000000	 0.0000000	 0.0138410	 0.0203735	 0.0207066	 0.0184583	 0.0194731	 0.0188195	 0.0167697	 0.0120743	 0.0021435	 0.0000000	 0.0000000	 0.0000000	 0.0000000	 0.0000000	 0.0000000	 0.0000000	 0.0000000	 0.0000000	 0.0000000	 0.0000000	 0.0000000	    0.0000
   35.7160	  102.9349	   21.0322	    2	    2	  303	   52	   62	    0.0035	 0.0000000	 0.0000000	 0.0000000	 0.0000000	 0.0000000	 0.0000000	 0.0000000	 0.0152755	 0.0125481	 0.0121802	 0.0171221	 0.0162959	 0.0123335	 0.0097834	 0.0022427	 0.0000000	 0.0000000	 0.0000000	 0.0000000	 0.0000000	 0.0000000	 0.0000000	 0.0000000	 0.0000000	 0.0000000	 0.0000000	 0.0000000	    0.0000
   35.6144	  102.8272	    2.1199	    2	    2	  303	   52	   62	    0.0014	 0.0000000	 0.0000000	 0.0000000	 0.0000000	 0.0000000	 0.0031311	 0.0033445	 0.0035383	 0.0033765	 0.0029050	 0.0026155	 0.0030921	 0.0035127	 0.0035530	 0.0036114	 0.0031368	 0.0017333	 0.0001912	 0.0000000	 0.0000000	 0.0000069	 0.0001518	 0.0002641	 0.0002790	 0.0001912	 0.0000781	 0.0000001	    0.0000
   35.6237	  102.8346	    3.6959	    2	    2	  303	   52	   62	    0.0038	 0.0000000	 0.0000000	 0.0000000	 0.0000000	 0.0000000	 0.0063791	 0.0083762	 0.0103844	 0.0116067	 0.0118809	 0.0109396	 0.0100404	 0.0096310	 0.0087673	 0.0072667	 0.0051086	 0.0027208	 0.0010215	 0.0000000	 0.0000000	 0.0000043	 0.0001041	 0.0001817	 0.0001922	 0.0001319	 0.0000539	 0.0000000	    0.0000
   35.6330	  102.8420	    5.2719	    2	    2	  303	   52	   62	    0.0055	 0.0000000	 0.0000000	 0.0000000	 0.0000000	 0.0143229	 0.0134241	 0.0136379	 0.0141768	 0.0142362	 0.0141999	 0.0126116	 0.0107020	 0.0112077	 0.0123309	 0.0106950	 0.0072400	 0.0038741	 0.0001138	 0.0000000	 0.0000000	 0.0000017	 0.0000488	 0.0000856	 0.0000908	 0.0000624	 0.0000255	 0.0000000	    0.0000
   35.6422	  102.8494	    6.8480	    2	    2	  303	   52	   62	    0.0098	 0.0000000	 0.0000000	 0.0000000	 0.0000000	 0.0272173	 0.0250023	 0.0263205	 0.0247172	 0.0228783	 0.0240399	 0.0228176	 0.0199988	 0.0198778	 0.0207996	 0.0190835	 0.0129919	 0.0038530	 0.0000000	 0.0000000	 0.0000000	 0.0000004	 0.0000154	 0.0000271	 0.0000289	 0.0000199	 0.0000081	 0.0000000	    0.0000
   35.6515	  102.8569	    8.4240	    2	    2	  303	   52	   62	    0.0129	 0.0000000	 0.0000000	 0.0000000	 0.0000000	 0.0419804	 0.0364985	 0.0364834	 0.0370154	 0.0293205	 0.0247465	 0.0291247	 0.0331587	 0.0288477	 0.0215257	 0.0183096	 0.0144403	 0.0055100	 0.0000000	 0.0000000	 0.0000000	 0.0000001	 0.0000031	 0.0000055	 0.0000059	 0.0000041	 0.0000017	 0.0000000	    0.0000
   35.6608	  102.8643	   10.0000	    2	    2	  303	   52	   62	    0.0169	 0.0000000	 0.0000000	 0.0000000	 0.0000000	 0.0562502	 0.0542573	 0.0542981	 0.0535072	 0.0463186	 0.0337137	 0.0257361	 0.0300542	 0.0345290	 0.0314082	 0.0249032	 0.0163116	 0.0048371	 0.0000000	 0.0000000	 0.0000000	 0.0000000	 0.0000004	 0.0000006	 0.0000007	 0.0000005	 0.0000002	 0.0000000	    0.0000
   35.6701	  102.8717	   11.5760	    2	    2	  303	   52	   62	    0.0219	 0.0000000	 0.0000000	 0.0000000	 0.0000000	 0.0721741	 0.0722417	 0.0798517	 0.0778980	 0.0630481	 0.0470402	 0.0439762	 0.0464175	 0.0399707	 0.0323869	 0.0218603	 0.0081478	 0.0012616	 0.0000000	 0.0000000	 0.0000000	 0.0000000	 0.0000000	 0.0000000	 0.0000000	 0.0000000	 0.0000000	 0.0000000	    0.0000
   35.6794	  102.8792	   13.1520	    2	    2	  303	   52	   62	    0.0238	 0.0000000	 0.0000000	 0.0000000	 0.0000000	 0.0844009	 0.0836254	 0.0823316	 0.0794428	 0.0765168	 0.0663936	 0.0575438	 0.0538487	 0.0401437	 0.0226939	 0.0099939	 0.0000000	 0.0000000	 0.0000000	 0.0000000	 0.0000000	 0.0000000	 0.0000000	 0.0000000	 0.0000000	 0.0000000	 0.0000000	 0.0000000	    0.0000
   35.6887	  102.8866	   14.7281	    2	    2	  303	   52	   62	    0.0176	 0.0000000	 0.0000000	 0.0000000	 0.0000000	 0.0571152	 0.0595222	 0.0678928	 0.0720661	 0.0688901	 0.0603063	 0.0461539	 0.0312082	 0.0152288	 0.0040201	 0.0032492	 0.0006318	 0.0000000	 0.0000000	 0.0000000	 0.0000000	 0.0000000	 0.0000000	 0.0000000	 0.0000000	 0.0000000	 0.0000000	 0.0000000	    0.0000
   35.6980	  102.8940	   16.3041	    2	    2	  303	   52	   62	    0.0211	 0.0000000	 0.0000000	 0.0000000	 0.0000000	 0.0000000	 0.0741267	 0.0886049	 0.0972417	 0.0934869	 0.0889400	 0.0673735	 0.0352017	 0.0176117	 0.0104735	 0.0066073	 0.0026718	 0.0000000	 0.0000000	 0.0000000	 0.0000000	 0.0000000	 0.0000000	 0.0000000	 0.0000000	 0.0000000	 0.0000000	 0.0000000	    0.0000
   35.7073	  102.9014	   17.8801	    2	    2	  303	   52	   62	    0.0148	 0.0000000	 0.0000000	 0.0000000	 0.0000000	 0.0000000	 0.0477195	 0.0559270	 0.0642473	 0.0714294	 0.0610647	 0.0387273	 0.0305742	 0.0278572	 0.0123173	 0.0000000	 0.0000000	 0.0000000	 0.0000000	 0.0000000	 0.0000000	 0.0000000	 0.0000000	 0.0000000	 0.0000000	 0.0000000	 0.0000000	 0.0000000	    0.0000
   35.7165	  102.9089	   19.4561	    2	    2	  303	   52	   62	    0.0083	 0.0000000	 0.0000000	 0.0000000	 0.0000000	 0.0000000	 0.0000000	 0.0383999	 0.0388940	 0.0394374	 0.0357046	 0.0245622	 0.0220868	 0.0208414	 0.0080395	 0.0000000	 0.0000000	 0.0000000	 0.0000000	 0.0000000	 0.0000000	 0.0000000	 0.0000000	 0.0000000	 0.0000000	 0.0000000	 0.0000000	 0.0000000	    0.0000
   35.7258	  102.9163	   21.0322	    2	    2	  303	   52	   62	    0.0061	 0.0000000	 0.0000000	 0.0000000	 0.0000000	 0.0000000	 0.0000000	 0.0348208	 0.0271324	 0.0251421	 0.0226001	 0.0171479	 0.0191907	 0.0172414	 0.0065412	 0.0000000	 0.0000000	 0.0000000	 0.0000000	 0.0000000	 0.0000000	 0.0000000	 0.0000000	 0.0000000	 0.0000000	 0.0000000	 0.0000000	 0.0000000	    0.0000
   35.6242	  102.8086	    2.1199	    2	    2	  303	   52	   62	    0.0026	 0.0000000	 0.0000000	 0.0000000	 0.0000000	 0.0000000	 0.0079651	 0.0080463	 0.0073201	 0.0068356	 0.0059548	 0.0052480	 0.0060915	 0.0056887	 0.0046783	 0.0046916	 0.0038742	 0.0017715	 0.0000000	 0.0000000	 0.0000000	 0.0000340	 0.0004790	 0.0008176	 0.0008545	 0.0005825	 0.0002374	 0.0000004	    0.0000
   35.6335	  102.8160	    3.6959	    2	    2	  303	   52	   62	    0.0028	 0.0000000	 0.0000000	 0.0000000	 0.0000000	 0.0049516	 0.0052016	 0.0061939	 0.0073335	 0.0081550	 0.0079416	 0.0070037	 0.0069678	 0.0066866	 0.0057968	 0.0048296	 0.0033063	 0.0011030	 0.0000000	 0.0000000	 0.0000000	 0.0000224	 0.0003399	 0.0005824	 0.0006100	 0.0004163	 0.0001698	 0.0000003	    0.0000
   35.6428	  102.8234	    5.2719	    2	    2	  303	   52	   62	    0.0086	 0.0000000	 0.0000000	 0.0000000	 0.0000000	 0.0195335	 0.0183271	 0.0189699	 0.0225935	 0.0259372	 0.0262576	 0.0236089	 0.0216142	 0.0206538	 0.0182089	 0.0133141	 0.0074224	 0.0005364	 0.0000000	 0.0000000	 0.0000000	 0.0000097	 0.0001712	 0.0002955	 0.0003106	 0.0002124	 0.0000867	 0.0000001	    0.0000
   35.6520	  102.8309	    6.8480	    2	    2	  303	   52	   62	    0.0200	 0.0000000	 0.0000000	 0.0000000	 0.0343637	 0.0461928	 0.0425519	 0.0443696	 0.0523560	 0.0547672	 0.0509080	 0.0477426	 0.0478707	 0.0435330	 0.0363738	 0.0316326	 0.0191921	 0.0000000	 0.0000000	 0.0000000	 0.0000000	 0.0000027	 0.0000609	 0.0001061	 0.0001121	 0.0000768	 0.0000314	 0.0000000	    0.0000
   35.6613	  102.8383	    8.4240	    2	    2	  303	   52	   62	    0.0302	 0.0000000	 0.0000000	 0.0000000	 0.0456166	 0.0806606	 0.0811629	 0.0779103	 0.0869250	 0.0847095	 0.0713364	 0.0678148	 0.0715637	 0.0629312	 0.0438985	 0.0311034	 0.0226621	 0.0067069	 0.0000000	 0.0000000	 0.0000000	 0.0000005	 0.0000150	 0.0000264	 0.0000281	 0.0000193	 0.0000079	 0.0000000	    0.0000
   35.6706	  102.8457	   10.0000	    2	    2	  303	   52	   62	    0.0358	 0.0000000	 0.0000000	 0.0000000	 0.0498335	 0.0992678	 0.0965223	 0.0983158	 0.1202057	 0.1160550	 0.0845332	 0.0723384	 0.0783555	 0.0752662	 0.0609015	 0.0314750	 0.0055662	 0.0000000	 0.0000000	 0.0000000	 0.0000000	 0.0000000	 0.0000025	 0.0000044	 0.0000046	 0.0000032	 0.0000013	 0.0000000	    0.0000
   35.6799	  102.8531	   11.5760	    2	    2	  303	   52	   62	    0.0430	 0.0000000	 0.0000000	 0.0000000	 0.0721707	 0.1213462	 0.1258011	 0.1422993	 0.1578696	 0.1390619	 0.1071873	 0.0946755	 0.0814991	 0.0632685	 0.0540209	 0.0285185	 0.0000000	 0.0000000	 0.0000000	 0.0000000	 0.0000000	 0.0000000	 0.0000002	 0.0000004	 0.0000005	 0.0000003	 0.0000001	 0.0000000	    0.0000
   35.6892	  102.8606	   13.1520	    2	    2	  303	   52	   62	    0.0410	 0.0000000	 0.0000000	 0.0000000	 0.0575780	 0.1095438	 0.1355471	 0.1667494	 0.1817441	 0.1597922	 0.1156834	 0.0875293	 0.0650035	 0.0336291	 0.0167770	 0.0030333	 0.0000000	 0.0000000	 0.0000000	 0.0000000	 0.0000000	 0.0000000	 0.0000000	 0.0000000	 0.0000000	 0.0000000	 0.0000000	 0.0000000	    0.0000
   35.6985	  102.8680	   14.7281	    2	    2	  303	   52	   62	    0.0511	 0.0000000	 0.0000000	 0.0000000	 0.0000000	 0.1475169	 0.1811302	 0.2185011	 0.2336202	 0.2141429	 0.1720672	 0.1338532	 0.0859065	 0.0254033	 0.0000000	 0.0000000	 0.0000000	 0.0000000	 0.0000000	 0.0000000	 0.0000000	 0.0000000	 0.0000000	 0.0000000	 0.0000000	 0.0000000	 0.0000000	 0.0000000	    0.0000
   35.7078	  102.8754	   16.3041	    2	    2	  303	   52	   62	    0.0469	 0.0000000	 0.0000000	 0.0000000	 0.0000000	 0.1294859	 0.1495213	 0.1941636	 0.2289950	 0.2174993	 0.1655710	 0.1055971	 0.0633065	 0.0360574	 0.0060593	 0.0000000	 0.0000000	 0.0000000	 0.0000000	 0.0000000	 0.0000000	 0.0000000	 0.0000000	 0.0000000	 0.0000000	 0.0000000	 0.0000000	 0.0000000	    0.0000
   35.7170	  102.8829	   17.8801	    2	    2	  303	   52	   62	    0.0219	 0.0000000	 0.0000000	 0.0000000	 0.0000000	 0.0000000	 0.0954796	 0.1165087	 0.1186962	 0.1060547	 0.0732213	 0.0400561	 0.0309412	 0.0213286	 0.0028595	 0.0000000	 0.0000000	 0.0000000	 0.0000000	 0.0000000	 0.0000000	 0.0000000	 0.0000000	 0.0000000	 0.0000000	 0.0000000	 0.0000000	 0.0000000	    0.0000
   35.7263	  102.8903	   19.4561	    2	    2	  303	   52	   62	    0.0171	 0.0000000	 0.0000000	 0.0000000	 0.0000000	 0.0000000	 0.0792510	 0.0903626	 0.0813811	 0.0712533	 0.0562884	 0.0328057	 0.0235452	 0.0238246	 0.0128806	 0.0000000	 0.0000000	 0.0000000	 0.0000000	 0.0000000	 0.0000000	 0.0000000	 0.0000000	 0.0000000	 0.0000000	 0.0000000	 0.0000000	 0.0000000	    0.0000
   35.7356	  102.8977	   21.0322	    2	    2	  303	   52	   62	    0.0082	 0.0000000	 0.0000000	 0.0000000	 0.0000000	 0.0000000	 0.0000000	 0.0596953	 0.0482725	 0.0371427	 0.0248322	 0.0173519	 0.0202373	 0.0154709	 0.0039738	 0.0000000	 0.0000000	 0.0000000	 0.0000000	 0.0000000	 0.0000000	 0.0000000	 0.0000000	 0.0000000	 0.0000000	 0.0000000	 0.0000000	 0.0000000	    0.0000
   35.6340	  102.7900	    2.1199	    2	    2	  303	   52	   62	    0.0033	 0.0000000	 0.0000000	 0.0000000	 0.0000000	 0.0000000	 0.0131089	 0.0121847	 0.0108476	 0.0089814	 0.0067093	 0.0059789	 0.0068677	 0.0064287	 0.0054579	 0.0041991	 0.0027575	 0.0008705	 0.0000000	 0.0000000	 0.0000001	 0.0001322	 0.0011752	 0.0019420	 0.0019932	 0.0013458	 0.0005453	 0.0000017	    0.0000
   35.6433	  102.7974	    3.6959	    2	    2	  303	   52	   62	    0.0090	 0.0000000	 0.0000000	 0.0000000	 0.0000000	 0.0179354	 0.0186142	 0.0221604	 0.0255215	 0.0251182	 0.0255979	 0.0258161	 0.0244750	 0.0228504	 0.0194905	 0.0122686	 0.0039824	 0.0000000	 0.0000000	 0.0000000	 0.0000001	 0.0000912	 0.0008523	 0.0014146	 0.0014554	 0.0009839	 0.0003991	 0.0000012	    0.0000
   35.6525	  102.8049	    5.2719	    2	    2	  303	   52	   62	    0.0197	 0.0000000	 0.0000000	 0.0000000	 0.0335799	 0.0365650	 0.0412339	 0.0459758	 0.0495788	 0.0552244	 0.0581310	 0.0538273	 0.0495039	 0.0473797	 0.0394017	 0.0237256	 0.0064699	 0.0000000	 0.0000000	 0.0000000	 0.0000000	 0.0000431	 0.0004489	 0.0007515	 0.0007768	 0.0005265	 0.0002139	 0.0000006	    0.0000
   35.6618	  102.8123	    6.8480	    2	    2	  303	   52	   62	    0.0345	 0.0000000	 0.0000000	 0.0000000	 0.0593017	 0.0634248	 0.0660501	 0.0777197	 0.0889265	 0.0954882	 0.0993251	 0.0948877	 0.0872141	 0.0795669	 0.0687623	 0.0506523	 0.0197873	 0.0000000	 0.0000000	 0.0000000	 0.0000000	 0.0000138	 0.0001717	 0.0002909	 0.0003027	 0.0002059	 0.0000838	 0.0000002	    0.0000
   35.6711	  102.8197	    8.4240	    2	    2	  303	   52	   62	    0.0567	 0.0000000	 0.0000000	 0.0399472	 0.0753781	 0.1159742	 0.1304454	 0.1417034	 0.1608760	 0.1734015	 0.1681054	 0.1528501	 0.1391183	 0.1190590	 0.0883657	 0.0503514	 0.0100331	 0.0000000	 0.0000000	 0.0000000	 0.0000000	 0.0000029	 0.0000474	 0.0000814	 0.0000854	 0.0000583	 0.0000238	 0.0000000	    0.0000
   35.6804	  102.8271	   10.0000	    2	    2	  303	   52	   62	    0.0730	 0.0000000	 0.0000000	 0.0499533	 0.0885621	 0.1431313	 0.1931049	 0.2420123	 0.2536180	 0.2345945	 0.2203385	 0.1968609	 0.1516203	 0.1187212	 0.0906580	 0.0340046	 0.0000000	 0.0000000	 0.0000000	 0.0000000	 0.0000000	 0.0000004	 0.0000093	 0.0000162	 0.0000171	 0.0000117	 0.0000048	 0.0000000	    0.0000
   35.6897	  102.8346	   11.5760	    2	    2	  303	   52	   62	    0.0784	 0.0000000	 0.0000000	 0.0429482	 0.0714679	 0.1537835	 0.2227540	 0.2884363	 0.3326006	 0.3013389	 0.2330743	 0.1875002	 0.1394308	 0.0950500	 0.0681751	 0.0286190	 0.0000000	 0.0000000	 0.0000000	 0.0000000	 0.0000000	 0.0000000	 0.0000012	 0.0000022	 0.0000023	 0.0000016	 0.0000007	 0.0000000	    0.0000
   35.6990	  102.8420	   13.1520	    2	    2	  303	   52	   62	    0.0958	 0.0000000	 0.0000000	 0.0000000	 0.0769454	 0.1953093	 0.3062634	 0.3855929	 0.4406266	 0.4225851	 0.3246281	 0.2384011	 0.1701065	 0.0791030	 0.0077690	 0.0000000	 0.0000000	 0.0000000	 0.0000000	 0.0000000	 0.0000000	 0.0000000	 0.0000001	 0.0000002	 0.0000002	 0.0000001	 0.0000001	 0.0000000	    0.0000
   35.7083	  102.8494	   14.7281	    2	    2	  303	   52	   62	    0.0905	 0.0000000	 0.0000000	 0.0000000	 0.1015786	 0.2250222	 0.3183997	 0.3820577	 0.4335771	 0.4149137	 0.3014619	 0.1920407	 0.1126146	 0.0171124	 0.0000000	 0.0000000	 0.0000000	 0.0000000	 0.0000000	 0.0000000	 0.0000000	 0.0000000	 0.0000000	 0.0000000	 0.0000000	 0.0000000	 0.0000000	 0.0000000	    0.0000
   35.7176	  102.8569	   16.3041	    2	    2	  303	   52	   62	    0.0885	 0.0000000	 0.0000000	 0.0000000	 0.0000000	 0.2191844	 0.3266792	 0.4102283	 0.4653086	 0.4336431	 0.3282620	 0.1880947	 0.0653710	 0.0081922	 0.0000000	 0.0000000	 0.0000000	 0.0000000	 0.0000000	 0.0000000	 0.0000000	 0.0000000	 0.0000000	 0.0000000	 0.0000000	 0.0000000	 0.0000000	 0.0000000	    0.0000
   35.7268	  102.8643	   17.8801	    2	    2	  303	   52	   62	    0.0394	 0.0000000	 0.0000000	 0.0000000	 0.0000000	 0.0000000	 0.1781652	 0.2248850	 0.2408697	 0.2005925	 0.1273194	 0.0635868	 0.0358812	 0.0183065	 0.0000000	 0.0000000	 0.0000000	 0.0000000	 0.0000000	 0.0000000	 0.0000000	 0.0000000	 0.0000000	 0.0000000	 0.0000000	 0.0000000	 0.0000000	 0.0000000	    0.0000
   35.7361	  102.8717	   19.4561	    2	    2	  303	   52	   62	    0.0280	 0.0000000	 0.0000000	 0.0000000	 0.0000000	 0.0000000	 0.1434652	 0.1774967	 0.1662716	 0.1225885	 0.0734744	 0.0411442	 0.0305759	 0.0175179	 0.0000000	 0.0000000	 0.0000000	 0.0000000	 0.0000000	 0.0000000	 0.0000000	 0.0000000	 0.0000000	 0.0000000	 0.0000000	 0.0000000	 0.0000000	 0.0000000	    0.0000
   35.7454	  102.8791	   21.0322	    2	    2	  303	   52	   62	    0.0109	 0.0000000	 0.0000000	 0.0000000	 0.0000000	 0.0000000	 0.0000000	 0.0938006	 0.0790917	 0.0547911	 0.0328631	 0.0200288	 0.0135859	 0.0074278	 0.0000000	 0.0000000	 0.0000000	 0.0000000	 0.0000000	 0.0000000	 0.0000000	 0.0000000	 0.0000000	 0.0000000	 0.0000000	 0.0000000	 0.0000000	 0.0000000	    0.0000
   35.6438	  102.7714	    2.1199	    2	    2	  303	   52	   62	    0.0088	 0.0000000	 0.0000000	 0.0000000	 0.0000000	 0.0290249	 0.0340728	 0.0334410	 0.0305378	 0.0253943	 0.0198988	 0.0164101	 0.0151316	 0.0116996	 0.0087501	 0.0048648	 0.0005487	 0.0000000	 0.0000000	 0.0000000	 0.0000004	 0.0004013	 0.0023071	 0.0036256	 0.0036142	 0.0024013	 0.0009611	 0.0000049	    0.0000
   35.6531	  102.7789	    3.6959	    2	    2	  303	   52	   62	    0.0129	 0.0000000	 0.0000000	 0.0000000	 0.0000000	 0.0304716	 0.0333297	 0.0383802	 0.0403182	 0.0369290	 0.0351500	 0.0350533	 0.0346578	 0.0298069	 0.0217301	 0.0106961	 0.0000000	 0.0000000	 0.0000000	 0.0000000	 0.0000003	 0.0002862	 0.0016952	 0.0026754	 0.0026735	 0.0017788	 0.0007130	 0.0000035	    0.0000
   35.6623	  102.7863	    5.2719	    2	    2	  303	   52	   62	    0.0257	 0.0000000	 0.0000000	 0.0000000	 0.0383619	 0.0510858	 0.0557389	 0.0626641	 0.0732140	 0.0743157	 0.0701010	 0.0714303	 0.0727514	 0.0618939	 0.0458596	 0.0277613	 0.0002349	 0.0000000	 0.0000000	 0.0000000	 0.0000001	 0.0001453	 0.0009167	 0.0014593	 0.0014654	 0.0009776	 0.0003929	 0.0000018	    0.0000
   35.6716	  102.7937	    6.8480	    2	    2	  303	   52	   62	    0.0545	 0.0000000	 0.0000000	 0.0538762	 0.0872531	 0.0995138	 0.1034956	 0.1199033	 0.1401429	 0.1528776	 0.1556252	 0.1545240	 0.1478205	 0.1260432	 0.0971695	 0.0584198	 0.0070053	 0.0000000	 0.0000000	 0.0000000	 0.0000000	 0.0000521	 0.0003651	 0.0005887	 0.0005956	 0.0003990	 0.0001609	 0.0000007	    0.0000
   35.6809	  102.8011	    8.4240	    2	    2	  303	   52	   62	    0.0770	 0.0000000	 0.0000000	 0.0225670	 0.0879135	 0.1585779	 0.1937395	 0.2166582	 0.2435821	 0.2609182	 0.2544068	 0.2302826	 0.1933989	 0.1390664	 0.0849959	 0.0414621	 0.0000001	 0.0000000	 0.0000000	 0.0000000	 0.0000000	 0.0000129	 0.0001067	 0.0001752	 0.0001790	 0.0001205	 0.0000488	 0.0000002	    0.0000
   35.6902	  102.8086	   10.0000	    2	    2	  303	   52	   62	    0.0990	 0.0000000	 0.0000000	 0.0270089	 0.1027656	 0.1710526	 0.2203026	 0.3231818	 0.3996472	 0.3610180	 0.3052088	 0.2894520	 0.2431341	 0.1669053	 0.0986124	 0.0263963	 0.0000003	 0.0000000	 0.0000000	 0.0000000	 0.0000000	 0.0000021	 0.0000227	 0.0000381	 0.0000394	 0.0000267	 0.0000109	 0.0000000	    0.0000
   35.6995	  102.8160	   11.5760	    2	    2	  303	   52	   62	    0.1169	 0.0000000	 0.0000000	 0.0258264	 0.0761262	 0.1379638	 0.2870908	 0.4652953	 0.5274270	 0.4721347	 0.4050851	 0.3448881	 0.2536251	 0.1628522	 0.0719729	 0.0000003	 0.0000002	 0.0000000	 0.0000000	 0.0000000	 0.0000000	 0.0000002	 0.0000034	 0.0000059	 0.0000062	 0.0000042	 0.0000017	 0.0000000	    0.0000
   35.7088	  102.8234	   13.1520	    2	    2	  303	   52	   62	    0.1553	 0.0000000	 0.0000000	 0.0326631	 0.0916721	 0.2196060	 0.4906315	 0.7043816	 0.7771814	 0.7426953	 0.5678266	 0.3634319	 0.2178696	 0.0808452	 0.0000000	 0.0000001	 0.0000001	 0.0000000	 0.0000000	 0.0000000	 0.0000000	 0.0000000	 0.0000004	 0.0000006	 0.0000007	 0.0000005	 0.0000002	 0.0000000	    0.0000
   35.7181	  102.8309	   14.7281	    2	    2	  303	   52	   62	    0.1436	 0.0000000	 0.0000000	 0.0000000	 0.1060531	 0.2390775	 0.5256214	 0.7367437	 0.7702040	 0.6765586	 0.4946619	 0.2969804	 0.1218861	 0.0000404	 0.0000000	 0.0000000	 0.0000000	 0.0000000	 0.0000000	 0.0000000	 0.0000000	 0.0000000	 0.0000000	 0.0000000	 0.0000000	 0.0000000	 0.0000000	 0.0000000	    0.0000
   35.7274	  102.8383	   16.3041	    2	    2	  303	   52	   62	    0.1091	 0.0000000	 0.0000000	 0.0000000	 0.0000000	 0.2303552	 0.4435426	 0.5794083	 0.5981756	 0.5133208	 0.3766017	 0.2110358	 0.0624984	 0.0000107	 0.0000000	 0.0000000	 0.0000000	 0.0000000	 0.0000000	 0.0000000	 0.0000000	 0.0000000	 0.0000000	 0.0000000	 0.0000000	 0.0000000	 0.0000000	 0.0000000	    0.0000
   35.7366	  102.8457	   17.8801	    2	    2	  303	   52	   62	    0.0982	 0.0000000	 0.0000000	 0.0000000	 0.0000000	 0.2796903	 0.4371230	 0.5558678	 0.5432420	 0.4377573	 0.2971527	 0.1290292	 0.0323710	 0.0000018	 0.0000000	 0.0000000	 0.0000000	 0.0000000	 0.0000000	 0.0000000	 0.0000000	 0.0000000	 0.0000000	 0.0000000	 0.0000000	 0.0000000	 0.0000000	 0.0000000	    0.0000
   35.7459	  102.8531	   19.4561	    2	    2	  303	   52	   62	    0.0597	 0.0000000	 0.0000000	 0.0000000	 0.0000000	 0.0000000	 0.3372396	 0.3983490	 0.3738105	 0.2644370	 0.1599713	 0.0791607	 0.0365851	 0.0000002	 0.0000000	 0.0000000	 0.0000000	 0.0000000	 0.0000000	 0.0000000	 0.0000000	 0.0000000	 0.0000000	 0.0000000	 0.0000000	 0.0000000	 0.0000000	 0.0000000	    0.0000
   35.7552	  102.8606	   21.0322	    2	    2	  303	   52	   62	    0.0167	 0.0000000	 0.0000000	 0.0000000	 0.0000000	 0.0000000	 0.0000000	 0.1559607	 0.1268445	 0.0818466	 0.0546342	 0.0286436	 0.0116908	 0.0010386	 0.0000000	 0.0000000	 0.0000000	 0.0000000	 0.0000000	 0.0000000	 0.0000000	 0.0000000	 0.0000000	 0.0000000	 0.0000000	 0.0000000	 0.0000000	 0.0000000	    0.0000
   35.6536	  102.7529	    2.1199	    2	    2	  303	   52	   62	    0.0128	 0.0000000	 0.0000000	 0.0000000	 0.0000000	 0.0384749	 0.0499629	 0.0530790	 0.0495519	 0.0412358	 0.0324391	 0.0245714	 0.0195725	 0.0139679	 0.0082315	 0.0012183	 0.0000000	 0.0000000	 0.0000000	 0.0000000	 0.0000011	 0.0009398	 0.0037295	 0.0054746	 0.0052331	 0.0033928	 0.0013257	 0.0000106	    0.0000
   35.6629	  102.7603	    3.6959	    2	    2	  303	   52	   62	    0.0205	 0.0000000	 0.0000000	 0.0000000	 0.0000000	 0.0491157	 0.0538417	 0.0621320	 0.0652262	 0.0610844	 0.0583529	 0.0561531	 0.0552824	 0.0469852	 0.0313624	 0.0122590	 0.0000000	 0.0000000	 0.0000000	 0.0000000	 0.0000008	 0.0006870	 0.0027629	 0.0040681	 0.0038957	 0.0025284	 0.0009895	 0.0000078	    0.0000
   35.6721	  102.7677	    5.2719	    2	    2	  303	   52	   62	    0.0323	 0.0000000	 0.0000000	 0.0000000	 0.0515191	 0.0657822	 0.0789297	 0.0902040	 0.0953517	 0.0989923	 0.0972679	 0.0902148	 0.0872850	 0.0726912	 0.0426455	 0.0137556	 0.0000000	 0.0000000	 0.0000000	 0.0000000	 0.0000004	 0.0003670	 0.0015183	 0.0022495	 0.0021621	 0.0014064	 0.0005521	 0.0000043	    0.0000
   35.6814	  102.7751	    6.8480	    2	    2	  303	   52	   62	    0.0725	 0.0000000	 0.0000000	 0.0564583	 0.0833424	 0.1278279	 0.1475376	 0.1567985	 0.2034197	 0.2291434	 0.2189281	 0.2269324	 0.2209426	 0.1667856	 0.1084865	 0.0525506	 0.0000005	 0.0000000	 0.0000000	 0.0000000	 0.0000001	 0.0001428	 0.0006189	 0.0009261	 0.0008953	 0.0005844	 0.0002305	 0.0000017	    0.0000
   35.6907	  102.7826	    8.4240	    2	    2	  303	   52	   62	    0.0825	 0.0000000	 0.0000000	 0.0330792	 0.0798172	 0.1373222	 0.1773222	 0.2094454	 0.2614329	 0.2803894	 0.2610582	 0.2650452	 0.2538090	 0.1811573	 0.1001318	 0.0368102	 0.0000019	 0.0000000	 0.0000000	 0.0000000	 0.0000000	 0.0000400	 0.0001864	 0.0002829	 0.0002758	 0.0001809	 0.0000718	 0.0000005	    0.0000
   35.7000	  102.7900	   10.0000	    2	    2	  303	   52	   62	    0.1184	 0.0000000	 0.0000000	 0.0000000	 0.0833090	 0.1889420	 0.2752789	 0.3815237	 0.4652196	 0.4443164	 0.3898799	 0.3662850	 0.3172312	 0.2273424	 0.1191876	 0.0116868	 0.0000033	 0.0000001	 0.0000000	 0.0000000	 0.0000000	 0.0000079	 0.0000410	 0.0000635	 0.0000626	 0.0000414	 0.0000165	 0.0000001	    0.0000
   35.7093	  102.7974	   11.5760	    2	    2	  303	   52	   62	    0.1709	 0.0000000	 0.0000000	 0.0000000	 0.0281449	 0.2314483	 0.4713422	 0.6322675	 0.7978153	 0.8258278	 0.6342799	 0.4732645	 0.3722628	 0.2104263	 0.0445133	 0.0000032	 0.0000029	 0.0000001	 0.0000000	 0.0000000	 0.0000000	 0.0000010	 0.0000065	 0.0000103	 0.0000103	 0.0000069	 0.0000028	 0.0000000	    0.0000
   35.7186	  102.8049	   13.1520	    2	    2	  303	   52	   62	    0.2111	 0.0000000	 0.0000000	 0.0000000	 0.1006347	 0.3341613	 0.6432385	 0.9498743	 1.1355140	 1.0419647	 0.7626166	 0.5236587	 0.2939375	 0.0464279	 0.0000007	 0.0000016	 0.0000013	 0.0000000	 0.0000000	 0.0000000	 0.0000000	 0.0000001	 0.0000007	 0.0000012	 0.0000012	 0.0000008	 0.0000003	 0.0000000	    0.0000
   35.7279	  102.8123	   14.7281	    2	    2	  303	   52	   62	    0.1881	 0.0000000	 0.0000000	 0.0000000	 0.0720135	 0.2715851	 0.6791983	 1.0192992	 1.0997111	 0.9321977	 0.6176368	 0.3469068	 0.1578217	 0.0001533	 0.0000003	 0.0000004	 0.0000003	 0.0000000	 0.0000000	 0.0000000	 0.0000000	 0.0000000	 0.0000001	 0.0000001	 0.0000001	 0.0000001	 0.0000000	 0.0000000	    0.0000
   35.7371	  102.8197	   16.3041	    2	    2	  303	   52	   62	    0.1859	 0.0000000	 0.0000000	 0.0000000	 0.0000000	 0.3161979	 0.7188519	 1.0462733	 1.0589926	 0.8831410	 0.6650096	 0.3673069	 0.0782348	 0.0000469	 0.0000001	 0.0000001	 0.0000000	 0.0000000	 0.0000000	 0.0000000	 0.0000000	 0.0000000	 0.0000000	 0.0000000	 0.0000000	 0.0000000	 0.0000000	 0.0000000	    0.0000
   35.7464	  102.8271	   17.8801	    2	    2	  303	   52	   62	    0.1462	 0.0000000	 0.0000000	 0.0000000	 0.0000000	 0.3755085	 0.7012215	 0.8187958	 0.7683186	 0.6687542	 0.4769600	 0.2040367	 0.0254087	 0.0000099	 0.0000000	 0.0000000	 0.0000000	 0.0000000	 0.0000000	 0.0000000	 0.0000000	 0.0000000	 0.0000000	 0.0000000	 0.0000000	 0.0000000	 0.0000000	 0.0000000	    0.0000
   35.7557	  102.8346	   19.4561	    2	    2	  303	   52	   62	    0.0887	 0.0000000	 0.0000000	 0.0000000	 0.0000000	 0.0000000	 0.5451925	 0.6042347	 0.5176175	 0.3837748	 0.2510925	 0.1182978	 0.0290808	 0.0000014	 0.0000000	 0.0000000	 0.0000000	 0.0000000	 0.0000000	 0.0000000	 0.0000000	 0.0000000	 0.0000000	 0.0000000	 0.0000000	 0.0000000	 0.0000000	 0.0000000	    0.0000
   35.7650	  102.8420	   21.0322	    2	    2	  303	   52	   62	    0.0242	 0.0000000	 0.0000000	 0.0000000	 0.0000000	 0.0000000	 0.0000000	 0.2344470	 0.1826547	 0.1286872	 0.0840677	 0.0342020	 0.0044442	 0.0000001	 0.0000000	 0.0000000	 0.0000000	 0.0000000	 0.0000000	 0.0000000	 0.0000000	 0.0000000	 0.0000000	 0.0000000	 0.0000000	 0.0000000	 0.0000000	 0.0000000	    0.0000
   35.6634	  102.7343	    2.1199	    2	    2	  303	   52	   62	    0.0160	 0.0000000	 0.0000000	 0.0000000	 0.0000000	 0.0363789	 0.0527674	 0.0600966	 0.0639258	 0.0600773	 0.0486920	 0.0364573	 0.0298677	 0.0207337	 0.0083126	 0.0000000	 0.0000000	 0.0000000	 0.0000000	 0.0000000	 0.0000025	 0.0016826	 0.0050442	 0.0068544	 0.0062262	 0.0039088	 0.0014646	 0.0000168	    0.0000
   35.6726	  102.7417	    3.6959	    2	    2	  303	   52	   62	    0.0293	 0.0000000	 0.0000000	 0.0000000	 0.0000000	 0.0616126	 0.0803242	 0.0907671	 0.0904719	 0.0921630	 0.0898114	 0.0798235	 0.0778805	 0.0701984	 0.0449209	 0.0135954	 0.0000001	 0.0000000	 0.0000000	 0.0000000	 0.0000019	 0.0012500	 0.0037589	 0.0051130	 0.0046468	 0.0029183	 0.0010947	 0.0000126	    0.0000
   35.6819	  102.7491	    5.2719	    2	    2	  303	   52	   62	    0.0577	 0.0000000	 0.0000000	 0.0000000	 0.0731400	 0.0978245	 0.1265571	 0.1562256	 0.1707064	 0.1798134	 0.1863774	 0.1790759	 0.1689364	 0.1403727	 0.0823238	 0.0220287	 0.0000012	 0.0000000	 0.0000000	 0.0000000	 0.0000010	 0.0006906	 0.0020898	 0.0028487	 0.0025917	 0.0016289	 0.0006124	 0.0000071	    0.0000
   35.6912	  102.7566	    6.8480	    2	    2	  303	   52	   62	    0.0878	 0.0000000	 0.0000000	 0.0527565	 0.0857254	 0.1215434	 0.1446525	 0.1920542	 0.2473168	 0.2792679	 0.2970757	 0.3004526	 0.2801916	 0.2271247	 0.1451443	 0.0491563	 0.0000063	 0.0000001	 0.0000000	 0.0000000	 0.0000004	 0.0002836	 0.0008669	 0.0011856	 0.0010805	 0.0006798	 0.0002565	 0.0000030	    0.0000
   35.7005	  102.7640	    8.4240	    2	    2	  303	   52	   62	    0.1032	 0.0000000	 0.0000000	 0.0552392	 0.0999109	 0.1608177	 0.2016737	 0.2472665	 0.3183376	 0.3568425	 0.3587310	 0.3524990	 0.3073768	 0.2196346	 0.1304370	 0.0401881	 0.0000172	 0.0000003	 0.0000000	 0.0000000	 0.0000001	 0.0000861	 0.0002672	 0.0003672	 0.0003355	 0.0002114	 0.0000802	 0.0000009	    0.0000
   35.7098	  102.7714	   10.0000	    2	    2	  303	   52	   62	    0.1602	 0.0000000	 0.0000000	 0.0000000	 0.0926155	 0.2711145	 0.4043709	 0.4712521	 0.5656500	 0.6348672	 0.6030673	 0.5112117	 0.4108287	 0.3110943	 0.1489554	 0.0000285	 0.0000265	 0.0000005	 0.0000000	 0.0000000	 0.0000000	 0.0000190	 0.0000604	 0.0000836	 0.0000767	 0.0000484	 0.0000185	 0.0000002	    0.0000
   35.7191	  102.7789	   11.5760	    2	    2	  303	   52	   62	    0.2157	 0.0000000	 0.0000000	 0.0000000	 0.0352846	 0.2411848	 0.5741883	 0.8261201	 0.9793638	 0.9886034	 0.8505705	 0.6973707	 0.5120245	 0.2504247	 0.0046487	 0.0000269	 0.0000239	 0.0000005	 0.0000000	 0.0000000	 0.0000000	 0.0000030	 0.0000098	 0.0000137	 0.0000126	 0.0000080	 0.0000031	 0.0000000	    0.0000
   35.7284	  102.7863	   13.1520	    2	    2	  303	   52	   62	    0.2283	 0.0000000	 0.0000000	 0.0000000	 0.0088193	 0.3520583	 0.7560017	 0.9560175	 1.1503097	 1.1413304	 0.8456464	 0.5844392	 0.3838029	 0.1284816	 0.0000064	 0.0000153	 0.0000128	 0.0000003	 0.0000000	 0.0000000	 0.0000000	 0.0000003	 0.0000011	 0.0000015	 0.0000014	 0.0000009	 0.0000004	 0.0000000	    0.0000
   35.7377	  102.7937	   14.7281	    2	    2	  303	   52	   62	    0.2680	 0.0000000	 0.0000000	 0.0000000	 0.0145732	 0.4710577	 1.0124236	 1.3298728	 1.5046546	 1.3310266	 0.9197136	 0.5750622	 0.2450865	 0.0004199	 0.0000029	 0.0000053	 0.0000039	 0.0000001	 0.0000000	 0.0000000	 0.0000000	 0.0000000	 0.0000001	 0.0000001	 0.0000001	 0.0000001	 0.0000000	 0.0000000	    0.0000
   35.7469	  102.8011	   16.3041	    2	    2	  303	   52	   62	    0.2512	 0.0000000	 0.0000000	 0.0000000	 0.0000000	 0.5806394	 1.1379352	 1.4187009	 1.4365868	 1.1668152	 0.7422008	 0.3743224	 0.0821923	 0.0001416	 0.0000011	 0.0000011	 0.0000006	 0.0000000	 0.0000000	 0.0000000	 0.0000000	 0.0000000	 0.0000000	 0.0000000	 0.0000000	 0.0000000	 0.0000000	 0.0000000	    0.0000
   35.7562	  102.8086	   17.8801	    2	    2	  303	   52	   62	    0.1971	 0.0000000	 0.0000000	 0.0000000	 0.0000000	 0.5495686	 0.9585228	 1.1307621	 1.0122426	 0.8089650	 0.5805045	 0.3159060	 0.0870051	 0.0000345	 0.0000003	 0.0000002	 0.0000000	 0.0000000	 0.0000000	 0.0000000	 0.0000000	 0.0000000	 0.0000000	 0.0000000	 0.0000000	 0.0000000	 0.0000000	 0.0000000	    0.0000
   35.7655	  102.8160	   19.4561	    2	    2	  303	   52	   62	    0.0884	 0.0000000	 0.0000000	 0.0000000	 0.0000000	 0.0000000	 0.5946489	 0.6255432	 0.5372348	 0.3736305	 0.2170873	 0.0877132	 0.0055368	 0.0000060	 0.0000001	 0.0000000	 0.0000000	 0.0000000	 0.0000000	 0.0000000	 0.0000000	 0.0000000	 0.0000000	 0.0000000	 0.0000000	 0.0000000	 0.0000000	 0.0000000	    0.0000
   35.7748	  102.8234	   21.0322	    2	    2	  303	   52	   62	    0.0263	 0.0000000	 0.0000000	 0.0000000	 0.0000000	 0.0000000	 0.0000000	 0.2500036	 0.2000627	 0.1376749	 0.0864328	 0.0440719	 0.0085895	 0.0000007	 0.0000000	 0.0000000	 0.0000000	 0.0000000	 0.0000000	 0.0000000	 0.0000000	 0.0000000	 0.0000000	 0.0000000	 0.0000000	 0.0000000	 0.0000000	 0.0000000	    0.0000
   35.6732	  102.7157	    2.1199	    2	    2	  303	   52	   62	    0.0117	 0.0000000	 0.0000000	 0.0000000	 0.0000000	 0.0000000	 0.0412092	 0.0473374	 0.0501671	 0.0478662	 0.0397034	 0.0286431	 0.0218352	 0.0141093	 0.0056676	 0.0000001	 0.0000001	 0.0000000	 0.0000000	 0.0000000	 0.0000041	 0.0022828	 0.0056543	 0.0071472	 0.0061706	 0.0037410	 0.0013170	 0.0000197	    0.0000
   35.6824	  102.7231	    3.6959	    2	    2	  303	   52	   62	    0.0280	 0.0000000	 0.0000000	 0.0000000	 0.0000000	 0.0530776	 0.0711464	 0.0806859	 0.0870955	 0.0924665	 0.0918523	 0.0862500	 0.0787264	 0.0608892	 0.0378206	 0.0137614	 0.0000017	 0.0000000	 0.0000000	 0.0000000	 0.0000030	 0.0017103	 0.0042283	 0.0053405	 0.0046072	 0.0027916	 0.0009825	 0.0000148	    0.0000
   35.6917	  102.7306	    5.2719	    2	    2	  303	   52	   62	    0.0488	 0.0000000	 0.0000000	 0.0000000	 0.0807815	 0.0929849	 0.1064873	 0.1328226	 0.1488310	 0.1527101	 0.1567700	 0.1540482	 0.1371283	 0.1004273	 0.0594085	 0.0152652	 0.0000123	 0.0000002	 0.0000000	 0.0000000	 0.0000017	 0.0009615	 0.0023681	 0.0029862	 0.0025721	 0.0015568	 0.0005476	 0.0000084	    0.0000
   35.7010	  102.7380	    6.8480	    2	    2	  303	   52	   62	    0.0343	 0.0000000	 0.0000000	 0.0000000	 0.0405294	 0.0445445	 0.0466424	 0.0716682	 0.0974822	 0.1074159	 0.1211652	 0.1313476	 0.1152121	 0.0853741	 0.0609624	 0.0199122	 0.0000466	 0.0000008	 0.0000000	 0.0000000	 0.0000007	 0.0004060	 0.0009941	 0.0012504	 0.0010744	 0.0006492	 0.0002281	 0.0000036	    0.0000
   35.7103	  102.7454	    8.4240	    2	    2	  303	   52	   62	    0.1138	 0.0000000	 0.0000000	 0.0735144	 0.1622684	 0.1571046	 0.1789169	 0.2698431	 0.3303106	 0.3692433	 0.4144231	 0.4161528	 0.3518265	 0.2517811	 0.1482336	 0.0178984	 0.0001061	 0.0000019	 0.0000000	 0.0000000	 0.0000002	 0.0001285	 0.0003120	 0.0003910	 0.0003348	 0.0002018	 0.0000708	 0.0000012	    0.0000
   35.7196	  102.7529	   10.0000	    2	    2	  303	   52	   62	    0.1704	 0.0000000	 0.0000000	 0.0668584	 0.2062739	 0.2422629	 0.3381273	 0.4868658	 0.5410451	 0.5781631	 0.6448374	 0.6240125	 0.5062066	 0.3405740	 0.1309987	 0.0001645	 0.0001524	 0.0000029	 0.0000000	 0.0000000	 0.0000000	 0.0000302	 0.0000726	 0.0000905	 0.0000771	 0.0000463	 0.0000162	 0.0000003	    0.0000
   35.7289	  102.7603	   11.5760	    2	    2	  303	   52	   62	    0.1894	 0.0000000	 0.0000000	 0.0495479	 0.1560098	 0.2485327	 0.4809698	 0.6884055	 0.7475253	 0.7571596	 0.7582726	 0.6607957	 0.4598291	 0.2236663	 0.0004963	 0.0001570	 0.0001402	 0.0000028	 0.0000000	 0.0000000	 0.0000000	 0.0000052	 0.0000123	 0.0000152	 0.0000129	 0.0000077	 0.0000027	 0.0000001	    0.0000
   35.7382	  102.7677	   13.1520	    2	    2	  303	   52	   62	    0.2314	 0.0000000	 0.0000000	 0.0000000	 0.0508621	 0.3005008	 0.6931385	 0.9702749	 1.1048699	 1.0924645	 0.9179782	 0.6623381	 0.4211350	 0.1793166	 0.0000410	 0.0000983	 0.0000834	 0.0000018	 0.0000000	 0.0000000	 0.0000000	 0.0000006	 0.0000015	 0.0000018	 0.0000015	 0.0000009	 0.0000003	 0.0000000	    0.0000
   35.7475	  102.7751	   14.7281	    2	    2	  303	   52	   62	    0.2702	 0.0000000	 0.0000000	 0.0000000	 0.0853492	 0.5112052	 1.0239181	 1.2999754	 1.3659551	 1.2662140	 1.0062304	 0.6398043	 0.2644065	 0.0008494	 0.0000206	 0.0000406	 0.0000317	 0.0000007	 0.0000000	 0.0000000	 0.0000000	 0.0000001	 0.0000001	 0.0000001	 0.0000001	 0.0000001	 0.0000000	 0.0000000	    0.0000
   35.7567	  102.7826	   16.3041	    2	    2	  303	   52	   62	    0.2547	 0.0000000	 0.0000000	 0.0000000	 0.0000000	 0.6735242	 1.1558844	 1.3073872	 1.3430429	 1.1503587	 0.7824159	 0.4688477	 0.1530399	 0.0003045	 0.0000083	 0.0000111	 0.0000074	 0.0000002	 0.0000000	 0.0000000	 0.0000000	 0.0000000	 0.0000000	 0.0000000	 0.0000000	 0.0000000	 0.0000000	 0.0000000	    0.0000
   35.7660	  102.7900	   17.8801	    2	    2	  303	   52	   62	    0.1433	 0.0000000	 0.0000000	 0.0000000	 0.0000000	 0.0000000	 0.8591775	 0.8965373	 0.8180044	 0.6553830	 0.4485379	 0.2421932	 0.0382707	 0.0000810	 0.0000027	 0.0000020	 0.0000009	 0.0000000	 0.0000000	 0.0000000	 0.0000000	 0.0000000	 0.0000000	 0.0000000	 0.0000000	 0.0000000	 0.0000000	 0.0000000	    0.0000
   35.7753	  102.7974	   19.4561	    2	    2	  303	   52	   62	    0.0904	 0.0000000	 0.0000000	 0.0000000	 0.0000000	 0.0000000	 0.5608106	 0.5851026	 0.5265688	 0.3890136	 0.2707406	 0.1432024	 0.0214824	 0.0000158	 0.0000006	 0.0000003	 0.0000000	 0.0000000	 0.0000000	 0.0000000	 0.0000000	 0.0000000	 0.0000000	 0.0000000	 0.0000000	 0.0000000	 0.0000000	 0.0000000	    0.0000
   35.7846	  102.8048	   21.0322	    2	    2	  303	   52	   62	    0.0235	 0.0000000	 0.0000000	 0.0000000	 0.0000000	 0.0000000	 0.0000000	 0.2162868	 0.1773291	 0.1286110	 0.0863878	 0.0392550	 0.0000929	 0.0000024	 0.0000001	 0.0000000	 0.0000000	 0.0000000	 0.0000000	 0.0000000	 0.0000000	 0.0000000	 0.0000000	 0.0000000	 0.0000000	 0.0000000	 0.0000000	 0.0000000	    0.0000
   35.6830	  102.6971	    2.1199	    2	    2	  303	   52	   62	    0.0097	 0.0000000	 0.0000000	 0.0000000	 0.0000000	 0.0000000	 0.0278581	 0.0356598	 0.0418375	 0.0420548	 0.0370917	 0.0288619	 0.0214084	 0.0109155	 0.0000007	 0.0000018	 0.0000018	 0.0000000	 0.0000000	 0.0000000	 0.0000048	 0.0023313	 0.0051045	 0.0060813	 0.0050305	 0.0029539	 0.0009602	 0.0000168	    0.0000
   35.6922	  102.7046	    3.6959	    2	    2	  303	   52	   62	    0.0282	 0.0000000	 0.0000000	 0.0000000	 0.0000000	 0.0563800	 0.0647539	 0.0756638	 0.0874080	 0.0920366	 0.0916100	 0.0916254	 0.0844444	 0.0629671	 0.0402974	 0.0159924	 0.0000154	 0.0000003	 0.0000000	 0.0000000	 0.0000036	 0.0017479	 0.0038132	 0.0045343	 0.0037449	 0.0021964	 0.0007121	 0.0000126	    0.0000
   35.7015	  102.7120	    5.2719	    2	    2	  303	   52	   62	    0.0388	 0.0000000	 0.0000000	 0.0000000	 0.0000000	 0.0739930	 0.0834447	 0.0967746	 0.1162988	 0.1269658	 0.1298335	 0.1369673	 0.1315191	 0.0975368	 0.0559871	 0.0126612	 0.0000755	 0.0000013	 0.0000000	 0.0000000	 0.0000020	 0.0009841	 0.0021316	 0.0025250	 0.0020789	 0.0012163	 0.0003922	 0.0000071	    0.0000
   35.7108	  102.7194	    6.8480	    2	    2	  303	   52	   62	    0.0787	 0.0000000	 0.0000000	 0.0000000	 0.1100731	 0.0997171	 0.1215107	 0.1718154	 0.2182258	 0.2443788	 0.2713471	 0.2890431	 0.2555340	 0.1921884	 0.1380039	 0.0587009	 0.0002314	 0.0000041	 0.0000000	 0.0000000	 0.0000008	 0.0004166	 0.0008926	 0.0010513	 0.0008614	 0.0005021	 0.0001605	 0.0000030	    0.0000
   35.7201	  102.7269	    8.4240	    2	    2	  303	   52	   62	    0.0935	 0.0000000	 0.0000000	 0.0000000	 0.1431000	 0.1398566	 0.1634177	 0.2043909	 0.2660831	 0.3186878	 0.3399004	 0.3549128	 0.3293381	 0.2167432	 0.0942053	 0.0101298	 0.0004691	 0.0000086	 0.0000000	 0.0000000	 0.0000003	 0.0001323	 0.0002795	 0.0003265	 0.0002658	 0.0001541	 0.0000487	 0.0000009	    0.0000
   35.7294	  102.7343	   10.0000	    2	    2	  303	   52	   62	    0.1287	 0.0000000	 0.0000000	 0.0000000	 0.1713564	 0.1903612	 0.2622461	 0.3326476	 0.4166967	 0.4674062	 0.4848841	 0.5183531	 0.4562248	 0.2311036	 0.0232155	 0.0006954	 0.0006421	 0.0000122	 0.0000000	 0.0000000	 0.0000001	 0.0000313	 0.0000649	 0.0000750	 0.0000606	 0.0000349	 0.0000108	 0.0000002	    0.0000
   35.7387	  102.7417	   11.5760	    2	    2	  303	   52	   62	    0.1561	 0.0000000	 0.0000000	 0.0000000	 0.1622484	 0.2161592	 0.3682535	 0.5254220	 0.5657371	 0.5446065	 0.6113147	 0.6207086	 0.4465938	 0.2186315	 0.0315326	 0.0006691	 0.0005981	 0.0000120	 0.0000000	 0.0000000	 0.0000000	 0.0000054	 0.0000110	 0.0000125	 0.0000100	 0.0000057	 0.0000017	 0.0000000	    0.0000
   35.7480	  102.7491	   13.1520	    2	    2	  303	   52	   62	    0.1932	 0.0000000	 0.0000000	 0.0000000	 0.1415054	 0.2827000	 0.5287513	 0.7873284	 0.8550036	 0.7662135	 0.7365575	 0.6494911	 0.4113384	 0.1770305	 0.0001851	 0.0004456	 0.0003813	 0.0000080	 0.0000000	 0.0000000	 0.0000000	 0.0000007	 0.0000013	 0.0000015	 0.0000012	 0.0000007	 0.0000002	 0.0000000	    0.0000
   35.7572	  102.7566	   14.7281	    2	    2	  303	   52	   62	    0.1842	 0.0000000	 0.0000000	 0.0000000	 0.0000000	 0.3611736	 0.6838276	 0.9221635	 0.9161395	 0.7849765	 0.6860283	 0.4829394	 0.2227330	 0.0269083	 0.0001002	 0.0002070	 0.0001660	 0.0000037	 0.0000000	 0.0000000	 0.0000000	 0.0000001	 0.0000001	 0.0000001	 0.0000001	 0.0000001	 0.0000000	 0.0000000	    0.0000
   35.7665	  102.7640	   16.3041	    2	    2	  303	   52	   62	    0.1756	 0.0000000	 0.0000000	 0.0000000	 0.0000000	 0.4765059	 0.7967903	 0.9491679	 0.8852132	 0.7714401	 0.5988958	 0.3128018	 0.0589853	 0.0004824	 0.0000433	 0.0000674	 0.0000484	 0.0000011	 0.0000000	 0.0000000	 0.0000000	 0.0000000	 0.0000000	 0.0000000	 0.0000000	 0.0000000	 0.0000000	 0.0000000	    0.0000
   35.7758	  102.7714	   17.8801	    2	    2	  303	   52	   62	    0.1098	 0.0000000	 0.0000000	 0.0000000	 0.0000000	 0.0000000	 0.6143360	 0.6446126	 0.5913107	 0.5327327	 0.4135074	 0.2146986	 0.0227096	 0.0001353	 0.0000152	 0.0000155	 0.0000089	 0.0000002	 0.0000000	 0.0000000	 0.0000000	 0.0000000	 0.0000000	 0.0000000	 0.0000000	 0.0000000	 0.0000000	 0.0000000	    0.0000
   35.7851	  102.7788	   19.4561	    2	    2	  303	   52	   62	    0.0809	 0.0000000	 0.0000000	 0.0000000	 0.0000000	 0.0000000	 0.5154064	 0.4985705	 0.4415553	 0.3618092	 0.2644339	 0.1424320	 0.0111563	 0.0000285	 0.0000041	 0.0000026	 0.0000009	 0.0000000	 0.0000000	 0.0000000	 0.0000000	 0.0000000	 0.0000000	 0.0000000	 0.0000000	 0.0000000	 0.0000000	 0.0000000	    0.0000
   35.7944	  102.7863	   21.0322	    2	    2	  303	   52	   62	    0.0173	 0.0000000	 0.0000000	 0.0000000	 0.0000000	 0.0000000	 0.0000000	 0.1625350	 0.1307548	 0.0986572	 0.0650373	 0.0201232	 0.0000916	 0.0000049	 0.0000009	 0.0000003	 0.0000000	 0.0000000	 0.0000000	 0.0000000	 0.0000000	 0.0000000	 0.0000000	 0.0000000	 0.0000000	 0.0000000	 0.0000000	 0.0000000	    0.0000
   35.6927	  102.6786	    2.1199	    2	    2	  303	   52	   62	    0.0061	 0.0000000	 0.0000000	 0.0000000	 0.0000000	 0.0000000	 0.0139559	 0.0177502	 0.0225256	 0.0263211	 0.0254568	 0.0217482	 0.0167136	 0.0081032	 0.0000167	 0.0000138	 0.0000138	 0.0000002	 0.0000000	 0.0000000	 0.0000041	 0.0017857	 0.0036079	 0.0041061	 0.0032868	 0.0018799	 0.0005578	 0.0000106	    0.0000
   35.7020	  102.6860	    3.6959	    2	    2	  303	   52	   62	    0.0134	 0.0000000	 0.0000000	 0.0000000	 0.0000000	 0.0000000	 0.0349860	 0.0400751	 0.0459696	 0.0495191	 0.0502938	 0.0461656	 0.0397586	 0.0300651	 0.0167241	 0.0045082	 0.0000768	 0.0000013	 0.0000000	 0.0000000	 0.0000030	 0.0013292	 0.0026746	 0.0030363	 0.0024257	 0.0013852	 0.0004087	 0.0000078	    0.0000
   35.7113	  102.6934	    5.2719	    2	    2	  303	   52	   62	    0.0096	 0.0000000	 0.0000000	 0.0000000	 0.0000000	 0.0201336	 0.0233879	 0.0260041	 0.0292319	 0.0323622	 0.0351438	 0.0347383	 0.0294051	 0.0183964	 0.0094659	 0.0010127	 0.0003019	 0.0000053	 0.0000000	 0.0000000	 0.0000017	 0.0007373	 0.0014717	 0.0016624	 0.0013230	 0.0007531	 0.0002197	 0.0000043	    0.0000
   35.7206	  102.7008	    6.8480	    2	    2	  303	   52	   62	    0.0483	 0.0000000	 0.0000000	 0.0000000	 0.0000000	 0.0807605	 0.0923265	 0.1050755	 0.1208626	 0.1525680	 0.1789510	 0.1833869	 0.1747051	 0.1370177	 0.0791001	 0.0255193	 0.0008108	 0.0000144	 0.0000000	 0.0000000	 0.0000007	 0.0003048	 0.0006011	 0.0006740	 0.0005333	 0.0003021	 0.0000866	 0.0000017	    0.0000
   35.7299	  102.7083	    8.4240	    2	    2	  303	   52	   62	    0.0523	 0.0000000	 0.0000000	 0.0000000	 0.0000000	 0.0985783	 0.1085389	 0.1289527	 0.1531925	 0.1785952	 0.2101637	 0.2083350	 0.1745440	 0.1239854	 0.0556915	 0.0016152	 0.0015222	 0.0000278	 0.0000000	 0.0000000	 0.0000002	 0.0000934	 0.0001814	 0.0002013	 0.0001581	 0.0000890	 0.0000248	 0.0000005	    0.0000
   35.7392	  102.7157	   10.0000	    2	    2	  303	   52	   62	    0.0662	 0.0000000	 0.0000000	 0.0000000	 0.0000000	 0.1382656	 0.1615563	 0.1497648	 0.1720110	 0.2288986	 0.2714105	 0.2796308	 0.2411090	 0.1348416	 0.0404831	 0.0098729	 0.0020170	 0.0000383	 0.0000000	 0.0000000	 0.0000000	 0.0000210	 0.0000399	 0.0000437	 0.0000340	 0.0000190	 0.0000051	 0.0000001	    0.0000
   35.7485	  102.7231	   11.5760	    2	    2	  303	   52	   62	    0.0756	 0.0000000	 0.0000000	 0.0000000	 0.0000000	 0.1569304	 0.2065495	 0.2091867	 0.2267751	 0.2612753	 0.3012860	 0.3152892	 0.2541227	 0.1275782	 0.0258947	 0.0021174	 0.0018939	 0.0000376	 0.0000000	 0.0000000	 0.0000000	 0.0000034	 0.0000062	 0.0000067	 0.0000052	 0.0000028	 0.0000007	 0.0000000	    0.0000
   35.7578	  102.7306	   13.1520	    2	    2	  303	   52	   62	    0.1104	 0.0000000	 0.0000000	 0.0000000	 0.0000000	 0.2358484	 0.3502934	 0.4067456	 0.4629723	 0.4730658	 0.4232892	 0.3508867	 0.2422953	 0.1012185	 0.0006091	 0.0014711	 0.0012658	 0.0000263	 0.0000000	 0.0000000	 0.0000000	 0.0000004	 0.0000007	 0.0000007	 0.0000005	 0.0000003	 0.0000001	 0.0000000	    0.0000
   35.7670	  102.7380	   14.7281	    2	    2	  303	   52	   62	    0.1100	 0.0000000	 0.0000000	 0.0000000	 0.0000000	 0.2684278	 0.4253501	 0.5040241	 0.5272118	 0.4650248	 0.3583199	 0.2748794	 0.1729030	 0.0418296	 0.0003482	 0.0007401	 0.0006029	 0.0000132	 0.0000000	 0.0000000	 0.0000000	 0.0000000	 0.0000000	 0.0000000	 0.0000000	 0.0000000	 0.0000000	 0.0000000	    0.0000
   35.7763	  102.7454	   16.3041	    2	    2	  303	   52	   62	    0.0687	 0.0000000	 0.0000000	 0.0000000	 0.0000000	 0.0000000	 0.3389200	 0.3980022	 0.3862629	 0.3206319	 0.2427107	 0.1535384	 0.0573866	 0.0005937	 0.0001599	 0.0002716	 0.0002030	 0.0000046	 0.0000000	 0.0000000	 0.0000000	 0.0000000	 0.0000000	 0.0000000	 0.0000000	 0.0000000	 0.0000000	 0.0000000	    0.0000
   35.7856	  102.7528	   17.8801	    2	    2	  303	   52	   62	    0.0694	 0.0000000	 0.0000000	 0.0000000	 0.0000000	 0.0000000	 0.3946316	 0.4152986	 0.3731324	 0.3393678	 0.2489904	 0.1173416	 0.0276283	 0.0001732	 0.0000600	 0.0000731	 0.0000472	 0.0000011	 0.0000000	 0.0000000	 0.0000000	 0.0000000	 0.0000000	 0.0000000	 0.0000000	 0.0000000	 0.0000000	 0.0000000	    0.0000
   35.7949	  102.7603	   19.4561	    2	    2	  303	   52	   62	    0.0275	 0.0000000	 0.0000000	 0.0000000	 0.0000000	 0.0000000	 0.0000000	 0.2293352	 0.1801151	 0.1484414	 0.1190972	 0.0623078	 0.0181831	 0.0008592	 0.0000181	 0.0000146	 0.0000071	 0.0000002	 0.0000000	 0.0000000	 0.0000000	 0.0000000	 0.0000000	 0.0000000	 0.0000000	 0.0000000	 0.0000000	 0.0000000	    0.0000
   35.8042	  102.7677	   21.0322	    2	    2	  303	   52	   62	    0.0095	 0.0000000	 0.0000000	 0.0000000	 0.0000000	 0.0000000	 0.0000000	 0.0864627	 0.0751579	 0.0579154	 0.0337826	 0.0080550	 0.0000635	 0.0000075	 0.0000047	 0.0000024	 0.0000006	 0.0000000	 0.0000000	 0.0000000	 0.0000000	 0.0000000	 0.0000000	 0.0000000	 0.0000000	 0.0000000	 0.0000000	 0.0000000	    0.0000
   35.7025	  102.6600	    2.1199	    2	    2	  303	   52	   62	    0.0025	 0.0000000	 0.0000000	 0.0000000	 0.0000000	 0.0000000	 0.0000000	 0.0086891	 0.0091774	 0.0098869	 0.0104786	 0.0095160	 0.0073480	 0.0039548	 0.0006667	 0.0000564	 0.0000558	 0.0000010	 0.0000000	 0.0000000	 0.0000025	 0.0010260	 0.0019620	 0.0021551	 0.0016827	 0.0009424	 0.0002535	 0.0000049	    0.0000
   35.7118	  102.6674	    3.6959	    2	    2	  303	   52	   62	    0.0061	 0.0000000	 0.0000000	 0.0000000	 0.0000000	 0.0000000	 0.0190285	 0.0211605	 0.0206883	 0.0208359	 0.0218412	 0.0190418	 0.0155399	 0.0125678	 0.0083068	 0.0036171	 0.0002431	 0.0000042	 0.0000000	 0.0000000	 0.0000019	 0.0007517	 0.0014313	 0.0015676	 0.0012214	 0.0006828	 0.0001820	 0.0000035	    0.0000
   35.7211	  102.6748	    5.2719	    2	    2	  303	   52	   62	    0.0089	 0.0000000	 0.0000000	 0.0000000	 0.0000000	 0.0000000	 0.0259677	 0.0289269	 0.0290520	 0.0295089	 0.0337023	 0.0325332	 0.0263422	 0.0196482	 0.0122943	 0.0035373	 0.0008347	 0.0000146	 0.0000000	 0.0000000	 0.0000010	 0.0004035	 0.0007620	 0.0008297	 0.0006438	 0.0003586	 0.0000939	 0.0000018	    0.0000
   35.7304	  102.6823	    6.8480	    2	    2	  303	   52	   62	    0.0169	 0.0000000	 0.0000000	 0.0000000	 0.0000000	 0.0000000	 0.0427617	 0.0461863	 0.0445427	 0.0488266	 0.0646980	 0.0679755	 0.0553632	 0.0428296	 0.0342290	 0.0168237	 0.0020566	 0.0000366	 0.0000000	 0.0000000	 0.0000004	 0.0001582	 0.0002951	 0.0003186	 0.0002457	 0.0001361	 0.0000346	 0.0000007	    0.0000
   35.7397	  102.6897	    8.4240	    2	    2	  303	   52	   62	    0.0250	 0.0000000	 0.0000000	 0.0000000	 0.0000000	 0.0469322	 0.0514804	 0.0592318	 0.0620229	 0.0697025	 0.0936851	 0.0982566	 0.0803136	 0.0607755	 0.0441939	 0.0201550	 0.0036695	 0.0000670	 0.0000000	 0.0000000	 0.0000001	 0.0000448	 0.0000822	 0.0000877	 0.0000671	 0.0000369	 0.0000090	 0.0000002	    0.0000
   35.7490	  102.6971	   10.0000	    2	    2	  303	   52	   62	    0.0369	 0.0000000	 0.0000000	 0.0000000	 0.0000000	 0.0871577	 0.0813025	 0.0842307	 0.0893129	 0.1075468	 0.1512090	 0.1568247	 0.1184620	 0.0711541	 0.0400174	 0.0241133	 0.0077081	 0.0000900	 0.0000000	 0.0000000	 0.0000000	 0.0000089	 0.0000161	 0.0000168	 0.0000127	 0.0000069	 0.0000016	 0.0000000	    0.0000
   35.7583	  102.7046	   11.5760	    2	    2	  303	   52	   62	    0.0387	 0.0000000	 0.0000000	 0.0000000	 0.0000000	 0.0877935	 0.0990931	 0.1040326	 0.1006850	 0.1311792	 0.1762034	 0.1551085	 0.1078150	 0.0689257	 0.0295697	 0.0050189	 0.0044910	 0.0000886	 0.0000000	 0.0000000	 0.0000000	 0.0000012	 0.0000021	 0.0000021	 0.0000016	 0.0000009	 0.0000002	 0.0000000	    0.0000
   35.7676	  102.7120	   13.1520	    2	    2	  303	   52	   62	    0.0392	 0.0000000	 0.0000000	 0.0000000	 0.0000000	 0.0000000	 0.1278385	 0.1418361	 0.1523783	 0.1731459	 0.1724174	 0.1307522	 0.0967899	 0.0629236	 0.0172217	 0.0035873	 0.0030979	 0.0000639	 0.0000000	 0.0000000	 0.0000000	 0.0000001	 0.0000002	 0.0000002	 0.0000001	 0.0000001	 0.0000000	 0.0000000	    0.0000
   35.7768	  102.7194	   14.7281	    2	    2	  303	   52	   62	    0.0412	 0.0000000	 0.0000000	 0.0000000	 0.0000000	 0.0000000	 0.1658812	 0.1954597	 0.2019239	 0.1846402	 0.1501430	 0.1167462	 0.0860346	 0.0338452	 0.0008803	 0.0019042	 0.0015664	 0.0000337	 0.0000000	 0.0000000	 0.0000000	 0.0000000	 0.0000000	 0.0000000	 0.0000000	 0.0000000	 0.0000000	 0.0000000	    0.0000
   35.7861	  102.7268	   16.3041	    2	    2	  303	   52	   62	    0.0332	 0.0000000	 0.0000000	 0.0000000	 0.0000000	 0.0000000	 0.1760315	 0.1933306	 0.1863872	 0.1434765	 0.1040745	 0.0781168	 0.0331739	 0.0006295	 0.0004230	 0.0007570	 0.0005795	 0.0000130	 0.0000000	 0.0000000	 0.0000000	 0.0000000	 0.0000000	 0.0000000	 0.0000000	 0.0000000	 0.0000000	 0.0000000	    0.0000
   35.7954	  102.7343	   17.8801	    2	    2	  303	   52	   62	    0.0141	 0.0000000	 0.0000000	 0.0000000	 0.0000000	 0.0000000	 0.0000000	 0.1206607	 0.1025089	 0.0749029	 0.0547958	 0.0259959	 0.0024325	 0.0016592	 0.0062795	 0.0002272	 0.0001551	 0.0000036	 0.0000000	 0.0000000	 0.0000000	 0.0000000	 0.0000000	 0.0000000	 0.0000000	 0.0000000	 0.0000000	 0.0000000	    0.0000
   35.8047	  102.7417	   19.4561	    2	    2	  303	   52	   62	    0.0144	 0.0000000	 0.0000000	 0.0000000	 0.0000000	 0.0000000	 0.0000000	 0.1110875	 0.0969336	 0.0794754	 0.0467246	 0.0194308	 0.0115412	 0.0152800	 0.0182674	 0.0000521	 0.0000292	 0.0000007	 0.0000000	 0.0000000	 0.0000000	 0.0000000	 0.0000000	 0.0000000	 0.0000000	 0.0000000	 0.0000000	 0.0000000	    0.0000
   35.8140	  102.7491	   21.0322	    2	    2	  303	   52	   62	    0.0029	 0.0000000	 0.0000000	 0.0000000	 0.0000000	 0.0000000	 0.0000000	 0.0000000	 0.0325734	 0.0237649	 0.0118750	 0.0044165	 0.0029040	 0.0033567	 0.0024226	 0.0000104	 0.0000039	 0.0000001	 0.0000000	 0.0000000	 0.0000000	 0.0000000	 0.0000000	 0.0000000	 0.0000000	 0.0000000	 0.0000000	 0.0000000	    0.0000
   35.7123	  102.6414	    2.1199	    2	    2	  303	   52	   62	    0.0008	 0.0000000	 0.0000000	 0.0000000	 0.0000000	 0.0000000	 0.0000000	 0.0034312	 0.0036599	 0.0034285	 0.0031321	 0.0027994	 0.0018535	 0.0006442	 0.0000513	 0.0001388	 0.0001368	 0.0000024	 0.0000000	 0.0000000	 0.0000012	 0.0004474	 0.0008214	 0.0008766	 0.0006710	 0.0003693	 0.0000895	 0.0000017	    0.0000
   35.7216	  102.6488	    3.6959	    2	    2	  303	   52	   62	    0.0011	 0.0000000	 0.0000000	 0.0000000	 0.0000000	 0.0000000	 0.0000000	 0.0044435	 0.0044140	 0.0039358	 0.0034348	 0.0032852	 0.0031519	 0.0021565	 0.0016210	 0.0015642	 0.0006614	 0.0000089	 0.0000000	 0.0000000	 0.0000008	 0.0003188	 0.0005828	 0.0006200	 0.0004735	 0.0002601	 0.0000622	 0.0000012	    0.0000
   35.7309	  102.6563	    5.2719	    2	    2	  303	   52	   62	    0.0040	 0.0000000	 0.0000000	 0.0000000	 0.0000000	 0.0000000	 0.0131933	 0.0133334	 0.0134821	 0.0129335	 0.0123106	 0.0123795	 0.0116519	 0.0076465	 0.0055084	 0.0050752	 0.0016331	 0.0000285	 0.0000000	 0.0000000	 0.0000004	 0.0001617	 0.0002931	 0.0003098	 0.0002356	 0.0001289	 0.0000300	 0.0000006	    0.0000
   35.7402	  102.6637	    6.8480	    2	    2	  303	   52	   62	    0.0075	 0.0000000	 0.0000000	 0.0000000	 0.0000000	 0.0000000	 0.0213220	 0.0221054	 0.0220823	 0.0201908	 0.0229960	 0.0266964	 0.0237645	 0.0151100	 0.0136226	 0.0140567	 0.0060033	 0.0000678	 0.0000000	 0.0000000	 0.0000001	 0.0000579	 0.0001036	 0.0001085	 0.0000819	 0.0000445	 0.0000099	 0.0000002	    0.0000
   35.7495	  102.6711	    8.4240	    2	    2	  303	   52	   62	    0.0079	 0.0000000	 0.0000000	 0.0000000	 0.0000000	 0.0000000	 0.0177362	 0.0187433	 0.0196553	 0.0188058	 0.0262644	 0.0324005	 0.0277425	 0.0158566	 0.0146594	 0.0167143	 0.0085762	 0.0001204	 0.0000000	 0.0000000	 0.0000000	 0.0000143	 0.0000252	 0.0000260	 0.0000194	 0.0000105	 0.0000022	 0.0000000	    0.0000
   35.7588	  102.6786	   10.0000	    2	    2	  303	   52	   62	    0.0120	 0.0000000	 0.0000000	 0.0000000	 0.0000000	 0.0000000	 0.0275170	 0.0285699	 0.0286605	 0.0300745	 0.0439980	 0.0509629	 0.0410771	 0.0235425	 0.0200187	 0.0230422	 0.0147403	 0.0001594	 0.0000000	 0.0000000	 0.0000000	 0.0000023	 0.0000040	 0.0000040	 0.0000030	 0.0000016	 0.0000003	 0.0000000	    0.0000
   35.7681	  102.6860	   11.5760	    2	    2	  303	   52	   62	    0.0097	 0.0000000	 0.0000000	 0.0000000	 0.0000000	 0.0000000	 0.0199978	 0.0223124	 0.0232525	 0.0255175	 0.0402782	 0.0436468	 0.0318791	 0.0179156	 0.0139158	 0.0162171	 0.0128372	 0.0001571	 0.0000000	 0.0000000	 0.0000000	 0.0000002	 0.0000004	 0.0000003	 0.0000003	 0.0000001	 0.0000000	 0.0000000	    0.0000
   35.7773	  102.6934	   13.1520	    2	    2	  303	   52	   62	    0.0142	 0.0000000	 0.0000000	 0.0000000	 0.0000000	 0.0000000	 0.0372602	 0.0472993	 0.0491609	 0.0477547	 0.0577445	 0.0527863	 0.0362162	 0.0247513	 0.0180239	 0.0145227	 0.0069363	 0.0001153	 0.0000000	 0.0000000	 0.0000000	 0.0000000	 0.0000000	 0.0000000	 0.0000000	 0.0000000	 0.0000000	 0.0000000	    0.0000
   35.7866	  102.7008	   14.7281	    2	    2	  303	   52	   62	    0.0152	 0.0000000	 0.0000000	 0.0000000	 0.0000000	 0.0000000	 0.0594416	 0.0670421	 0.0570455	 0.0505549	 0.0520994	 0.0410149	 0.0275923	 0.0187621	 0.0187388	 0.0222587	 0.0046641	 0.0000631	 0.0000000	 0.0000000	 0.0000000	 0.0000000	 0.0000000	 0.0000000	 0.0000000	 0.0000000	 0.0000000	 0.0000000	    0.0000
   35.7959	  102.7083	   16.3041	    2	    2	  303	   52	   62	    0.0095	 0.0000000	 0.0000000	 0.0000000	 0.0000000	 0.0000000	 0.0000000	 0.0587490	 0.0520143	 0.0410051	 0.0336546	 0.0280985	 0.0193944	 0.0090319	 0.0099411	 0.0099132	 0.0011568	 0.0000257	 0.0000000	 0.0000000	 0.0000000	 0.0000000	 0.0000000	 0.0000000	 0.0000000	 0.0000000	 0.0000000	 0.0000000	    0.0000
   35.8052	  102.7157	   17.8801	    2	    2	  303	   52	   62	    0.0046	 0.0000000	 0.0000000	 0.0000000	 0.0000000	 0.0000000	 0.0000000	 0.0352636	 0.0302120	 0.0228178	 0.0146322	 0.0066334	 0.0042107	 0.0061510	 0.0054678	 0.0004791	 0.0003372	 0.0000077	 0.0000000	 0.0000000	 0.0000000	 0.0000000	 0.0000000	 0.0000000	 0.0000000	 0.0000000	 0.0000000	 0.0000000	    0.0000
   35.8145	  102.7231	   19.4561	    2	    2	  303	   52	   62	    0.0022	 0.0000000	 0.0000000	 0.0000000	 0.0000000	 0.0000000	 0.0000000	 0.0000000	 0.0190870	 0.0141439	 0.0103496	 0.0049065	 0.0037585	 0.0052794	 0.0025594	 0.0001200	 0.0000722	 0.0000017	 0.0000000	 0.0000000	 0.0000000	 0.0000000	 0.0000000	 0.0000000	 0.0000000	 0.0000000	 0.0000000	 0.0000000	    0.0000
   35.8238	  102.7305	   21.0322	    2	    2	  303	   52	   62	    0.0014	 0.0000000	 0.0000000	 0.0000000	 0.0000000	 0.0000000	 0.0000000	 0.0000000	 0.0098461	 0.0082422	 0.0070066	 0.0042358	 0.0036499	 0.0035017	 0.0015487	 0.0000270	 0.0000121	 0.0000003	 0.0000000	 0.0000000	 0.0000000	 0.0000000	 0.0000000	 0.0000000	 0.0000000	 0.0000000	 0.0000000	 0.0000000	    0.0000
   35.7221	  102.6228	    2.1199	    2	    2	  303	   52	   62	    0.0002	 0.0000000	 0.0000000	 0.0000000	 0.0000000	 0.0000000	 0.0000000	 0.0000000	 0.0011886	 0.0010108	 0.0007555	 0.0004853	 0.0003711	 0.0000865	 0.0000799	 0.0002162	 0.0002126	 0.0000037	 0.0000000	 0.0000000	 0.0000005	 0.0001762	 0.0003127	 0.0003251	 0.0002445	 0.0001324	 0.0000284	 0.0000005	    0.0000
   35.7314	  102.6303	    3.6959	    2	    2	  303	   52	   62	    0.0003	 0.0000000	 0.0000000	 0.0000000	 0.0000000	 0.0000000	 0.0000000	 0.0010986	 0.0009278	 0.0006878	 0.0008272	 0.0008509	 0.0008476	 0.0006366	 0.0005545	 0.0010026	 0.0008564	 0.0000130	 0.0000000	 0.0000000	 0.0000003	 0.0001198	 0.0002116	 0.0002192	 0.0001644	 0.0000888	 0.0000187	 0.0000003	    0.0000
   35.7407	  102.6377	    5.2719	    2	    2	  303	   52	   62	    0.0007	 0.0000000	 0.0000000	 0.0000000	 0.0000000	 0.0000000	 0.0000000	 0.0015043	 0.0014117	 0.0010742	 0.0020851	 0.0025787	 0.0022572	 0.0013352	 0.0012271	 0.0024932	 0.0022820	 0.0000398	 0.0000000	 0.0000000	 0.0000001	 0.0000551	 0.0000964	 0.0000991	 0.0000739	 0.0000397	 0.0000080	 0.0000001	    0.0000
   35.7500	  102.6451	    6.8480	    2	    2	  303	   52	   62	    0.0015	 0.0000000	 0.0000000	 0.0000000	 0.0000000	 0.0000000	 0.0000000	 0.0022082	 0.0022101	 0.0018606	 0.0048226	 0.0064510	 0.0059276	 0.0035514	 0.0031841	 0.0061350	 0.0055318	 0.0000924	 0.0000000	 0.0000000	 0.0000000	 0.0000167	 0.0000289	 0.0000294	 0.0000218	 0.0000116	 0.0000022	 0.0000000	    0.0000
   35.7593	  102.6526	    8.4240	    2	    2	  303	   52	   62	    0.0031	 0.0000000	 0.0000000	 0.0000000	 0.0000000	 0.0000000	 0.0000000	 0.0057470	 0.0054374	 0.0045072	 0.0097441	 0.0126900	 0.0115321	 0.0068800	 0.0062431	 0.0116196	 0.0104961	 0.0001615	 0.0000000	 0.0000000	 0.0000000	 0.0000032	 0.0000054	 0.0000054	 0.0000040	 0.0000021	 0.0000004	 0.0000000	    0.0000
   35.7686	  102.6600	   10.0000	    2	    2	  303	   52	   62	    0.0035	 0.0000000	 0.0000000	 0.0000000	 0.0000000	 0.0000000	 0.0000000	 0.0042748	 0.0041329	 0.0043091	 0.0118816	 0.0157830	 0.0139692	 0.0071084	 0.0068721	 0.0147710	 0.0131714	 0.0003101	 0.0000000	 0.0000000	 0.0000000	 0.0000003	 0.0000005	 0.0000005	 0.0000004	 0.0000002	 0.0000000	 0.0000000	    0.0000
   35.7779	  102.6674	   11.5760	    2	    2	  303	   52	   62	    0.0036	 0.0000000	 0.0000000	 0.0000000	 0.0000000	 0.0000000	 0.0000000	 0.0048630	 0.0047547	 0.0049002	 0.0124002	 0.0167863	 0.0142908	 0.0066296	 0.0069911	 0.0147930	 0.0127399	 0.0007398	 0.0000000	 0.0000000	 0.0000000	 0.0000000	 0.0000000	 0.0000000	 0.0000000	 0.0000000	 0.0000000	 0.0000000	    0.0000
   35.7871	  102.6748	   13.1520	    2	    2	  303	   52	   62	    0.0031	 0.0000000	 0.0000000	 0.0000000	 0.0000000	 0.0000000	 0.0000000	 0.0076995	 0.0066664	 0.0055073	 0.0107352	 0.0136548	 0.0110154	 0.0054384	 0.0061745	 0.0111253	 0.0084006	 0.0001550	 0.0000000	 0.0000000	 0.0000000	 0.0000000	 0.0000000	 0.0000000	 0.0000000	 0.0000000	 0.0000000	 0.0000000	    0.0000
   35.7964	  102.6823	   14.7281	    2	    2	  303	   52	   62	    0.0036	 0.0000000	 0.0000000	 0.0000000	 0.0000000	 0.0000000	 0.0000000	 0.0154314	 0.0102421	 0.0092727	 0.0131309	 0.0124785	 0.0092543	 0.0077732	 0.0095027	 0.0081218	 0.0040505	 0.0000862	 0.0000000	 0.0000000	 0.0000000	 0.0000000	 0.0000000	 0.0000000	 0.0000000	 0.0000000	 0.0000000	 0.0000000	    0.0000
   35.8057	  102.6897	   16.3041	    2	    2	  303	   52	   62	    0.0031	 0.0000000	 0.0000000	 0.0000000	 0.0000000	 0.0000000	 0.0000000	 0.0177753	 0.0121976	 0.0101048	 0.0104628	 0.0078841	 0.0063910	 0.0075663	 0.0080533	 0.0041466	 0.0016322	 0.0000360	 0.0000000	 0.0000000	 0.0000000	 0.0000000	 0.0000000	 0.0000000	 0.0000000	 0.0000000	 0.0000000	 0.0000000	    0.0000
   35.8150	  102.6971	   17.8801	    2	    2	  303	   52	   62	    0.0011	 0.0000000	 0.0000000	 0.0000000	 0.0000000	 0.0000000	 0.0000000	 0.0000000	 0.0069656	 0.0059642	 0.0042795	 0.0024471	 0.0032685	 0.0036547	 0.0019925	 0.0006944	 0.0004955	 0.0000113	 0.0000000	 0.0000000	 0.0000000	 0.0000000	 0.0000000	 0.0000000	 0.0000000	 0.0000000	 0.0000000	 0.0000000	    0.0000
   35.8243	  102.7045	   19.4561	    2	    2	  303	   52	   62	    0.0011	 0.0000000	 0.0000000	 0.0000000	 0.0000000	 0.0000000	 0.0000000	 0.0000000	 0.0079435	 0.0051822	 0.0035246	 0.0038326	 0.0044680	 0.0042253	 0.0022651	 0.0001817	 0.0001126	 0.0000026	 0.0000000	 0.0000000	 0.0000000	 0.0000000	 0.0000000	 0.0000000	 0.0000000	 0.0000000	 0.0000000	 0.0000000	    0.0000
   35.8336	  102.7120	   21.0322	    2	    2	  303	   52	   62	    0.0003	 0.0000000	 0.0000000	 0.0000000	 0.0000000	 0.0000000	 0.0000000	 0.0000000	 0.0000000	 0.0010121	 0.0014266	 0.0017285	 0.0013969	 0.0010559	 0.0003789	 0.0000435	 0.0000210	 0.0000005	 0.0000000	 0.0000000	 0.0000000	 0.0000000	 0.0000000	 0.0000000	 0.0000000	 0.0000000	 0.0000000	 0.0000000	    0.0000